Position,Height above ground [m],Time,X [m],Y [m],Z [m],Opening Angle [°],Stalling Angle Left [°],Stalling Angle Right [°],Roll Angle Left [°],Roll Angle Right [°],Yaw Angle Left [°],Yaw Angle Right [°],Speed hor. [km/h],Speed vert. [km/h],Speed resulting [km/h],W1_Speed,W1_Tangent,W1_Turbulence,W1_CleanTan,W1_Cross,W2_Speed,W2_Tangent,W2_Turbulence,W2_CleanTan,W2_Cross,W3_Speed,W3_Tangent,W3_Turbulence,W3_CleanTan,W3_Cross,W4_Speed,W4_Tangent,W4_Turbulence,W4_CleanTan,W4_Cross,W5_Speed,W5_Tangent,W5_Turbulence,W5_CleanTan,W5_Cross,W6_Speed,W6_Tangent,W6_Turbulence,W6_CleanTan,W6_Cross,W7_Speed,W7_Tangent,W7_Turbulence,W7_CleanTan,W7_Cross,W8_Speed,W8_Tangent,W8_Turbulence,W8_CleanTan,W8_Cross,W9_Speed,W9_Tangent,W9_Turbulence,W9_CleanTan,W9_Cross,W10_Speed,W10_Tangent,W10_Turbulence,W10_CleanTan,W10_Cross,W11_Speed,W11_Tangent,W11_Turbulence,W11_CleanTan,W11_Cross,W12_Speed,W12_Tangent,W12_Turbulence,W12_CleanTan,W12_Cross,W1_Speed_quad,W2_Speed_quad,W3_Speed_quad,W4_Speed_quad,W5_Speed_quad,W6_Speed_quad,W7_Speed_quad,W8_Speed_quad,W9_Speed_quad,W10_Speed_quad,W11_Speed_quad,W12_Speed_quad,W1_Tangent_quad,W2_Tangent_quad,W3_Tangent_quad,W4_Tangent_quad,W5_Tangent_quad,W6_Tangent_quad,W7_Tangent_quad,W8_Tangent_quad,W9_Tangent_quad,W10_Tangent_quad,W11_Tangent_quad,W12_Tangent_quad,W1_Cross_quad,W2_Cross_quad,W3_Cross_quad,W4_Cross_quad,W5_Cross_quad,W6_Cross_quad,W7_Cross_quad,W8_Cross_quad,W9_Cross_quad,W10_Cross_quad,W11_Cross_quad,W12_Cross_quad,W1_Turbulence_quad,W2_Turbulence_quad,W3_Turbulence_quad,W4_Turbulence_quad,W5_Turbulence_quad,W6_Turbulence_quad,W7_Turbulence_quad,W8_Turbulence_quad,W9_Turbulence_quad,W10_Turbulence_quad,W11_Turbulence_quad,W12_Turbulence_quad
0.0,2.93,4.248,0.02,0.0,-0.0,0.0,-11.5,-11.5,0.0,0.0,0.0,0.0,93.457,-19.014,95.372,1.0,0.78,0.26,0.78,0.11,0.7,0.61,0.11,0.61,0.3,1.3,1.22,0.09,1.22,0.08,2.0,1.75,0.04,1.75,0.75,2.1,2.02,0.32,2.02,0.72,1.6,1.47,0.04,1.47,0.54,1.8,1.71,0.11,1.71,0.35,1.4,1.37,0.05,1.37,0.05,1.6,1.53,0.07,1.53,0.55,2.4,2.39,0.16,2.39,0.15,1.9,1.57,0.21,1.57,1.14,1.3,1.21,0.1,1.21,0.48,1.0,0.48999999999999994,1.6900000000000002,4.0,4.41,2.5600000000000005,3.24,1.9599999999999997,2.5600000000000005,5.76,3.61,1.6900000000000002,0.6084,0.3721,1.4884,3.0625,4.0804,2.1609,2.9240999999999997,1.8769000000000002,2.3409,5.7121,2.4649,1.4641,0.0121,0.09,0.0064,0.5625,0.5184,0.2916,0.12249999999999998,0.0025000000000000005,0.30250000000000005,0.0225,1.2995999999999999,0.2304,0.06760000000000001,0.0121,0.0081,0.0016,0.1024,0.0016,0.0121,0.0025000000000000005,0.004900000000000001,0.0256,0.04409999999999999,0.010000000000000002
1.0,2.95,4.437,1.35,0.0,-0.14,3.2,-9.114,-9.426,1.226,1.5,2.075,-1.198,92.181,-10.276,92.752,1.0,0.8,0.25,0.8,0.1,0.6,0.59,0.05,0.59,0.24,1.3,1.24,0.14,1.24,0.16,2.1,1.94,0.13,1.94,0.52,2.1,2.03,0.29,2.03,0.69,1.6,1.48,0.04,1.48,0.52,1.7,1.67,0.07,1.67,0.33,1.4,1.35,0.04,1.35,0.06,1.6,1.53,0.06,1.53,0.56,2.5,2.45,0.1,2.45,0.1,1.8,1.52,0.1,1.52,1.05,1.2,1.14,0.15,1.14,0.47,1.0,0.36,1.6900000000000002,4.41,4.41,2.5600000000000005,2.8899999999999997,1.9599999999999997,2.5600000000000005,6.25,3.24,1.44,0.6400000000000001,0.34809999999999997,1.5376,3.7636,4.120899999999999,2.1904,2.7889,1.8225000000000002,2.3409,6.002500000000001,2.3104,1.2995999999999999,0.010000000000000002,0.0576,0.0256,0.27040000000000003,0.4760999999999999,0.27040000000000003,0.10890000000000001,0.0036,0.31360000000000005,0.010000000000000002,1.1025,0.22089999999999999,0.0625,0.0025000000000000005,0.019600000000000003,0.016900000000000002,0.0841,0.0016,0.004900000000000001,0.0016,0.0036,0.010000000000000002,0.010000000000000002,0.0225
2.0,2.98,4.477,2.39,0.0,-0.25,6.4,-6.734,-7.55,0.765,1.534,3.605,-2.888,93.629,-10.185,94.181,1.0,0.8,0.25,0.8,0.1,0.6,0.59,0.05,0.59,0.24,1.3,1.24,0.14,1.24,0.16,2.1,1.94,0.13,1.94,0.52,2.1,2.03,0.29,2.03,0.69,1.6,1.48,0.04,1.48,0.52,1.7,1.67,0.07,1.67,0.33,1.4,1.35,0.04,1.35,0.06,1.6,1.53,0.06,1.53,0.56,2.5,2.45,0.1,2.45,0.1,1.8,1.52,0.1,1.52,1.05,1.2,1.14,0.15,1.14,0.47,1.0,0.36,1.6900000000000002,4.41,4.41,2.5600000000000005,2.8899999999999997,1.9599999999999997,2.5600000000000005,6.25,3.24,1.44,0.6400000000000001,0.34809999999999997,1.5376,3.7636,4.120899999999999,2.1904,2.7889,1.8225000000000002,2.3409,6.002500000000001,2.3104,1.2995999999999999,0.010000000000000002,0.0576,0.0256,0.27040000000000003,0.4760999999999999,0.27040000000000003,0.10890000000000001,0.0036,0.31360000000000005,0.010000000000000002,1.1025,0.22089999999999999,0.0625,0.0025000000000000005,0.019600000000000003,0.016900000000000002,0.0841,0.0016,0.004900000000000001,0.0016,0.0036,0.010000000000000002,0.010000000000000002,0.0225
3.0,3.01,4.516,3.43,-0.0,-0.38,9.0,-3.994,-3.991,0.237,6.967,5.748,-5.296,94.023,-12.704,94.885,1.0,0.8,0.25,0.8,0.1,0.6,0.59,0.05,0.59,0.24,1.3,1.24,0.14,1.24,0.16,2.1,1.94,0.13,1.94,0.52,2.1,2.03,0.29,2.03,0.69,1.6,1.48,0.04,1.48,0.52,1.7,1.67,0.07,1.67,0.33,1.4,1.35,0.04,1.35,0.06,1.6,1.53,0.06,1.53,0.56,2.5,2.45,0.1,2.45,0.1,1.8,1.52,0.1,1.52,1.05,1.2,1.14,0.15,1.14,0.47,1.0,0.36,1.6900000000000002,4.41,4.41,2.5600000000000005,2.8899999999999997,1.9599999999999997,2.5600000000000005,6.25,3.24,1.44,0.6400000000000001,0.34809999999999997,1.5376,3.7636,4.120899999999999,2.1904,2.7889,1.8225000000000002,2.3409,6.002500000000001,2.3104,1.2995999999999999,0.010000000000000002,0.0576,0.0256,0.27040000000000003,0.4760999999999999,0.27040000000000003,0.10890000000000001,0.0036,0.31360000000000005,0.010000000000000002,1.1025,0.22089999999999999,0.0625,0.0025000000000000005,0.019600000000000003,0.016900000000000002,0.0841,0.0016,0.004900000000000001,0.0016,0.0036,0.010000000000000002,0.010000000000000002,0.0225
4.0,3.04,4.555,4.47,-0.01,-0.53,11.7,-1.24,-1.326,-0.295,7.841,7.94,-8.006,94.525,-14.175,95.598,1.0,0.8,0.25,0.8,0.1,0.6,0.59,0.05,0.59,0.24,1.3,1.24,0.14,1.24,0.16,2.1,1.94,0.13,1.94,0.52,2.1,2.03,0.29,2.03,0.69,1.6,1.48,0.04,1.48,0.52,1.7,1.67,0.07,1.67,0.33,1.4,1.35,0.04,1.35,0.06,1.6,1.53,0.06,1.53,0.56,2.5,2.45,0.1,2.45,0.1,1.8,1.52,0.1,1.52,1.05,1.2,1.14,0.15,1.14,0.47,1.0,0.36,1.6900000000000002,4.41,4.41,2.5600000000000005,2.8899999999999997,1.9599999999999997,2.5600000000000005,6.25,3.24,1.44,0.6400000000000001,0.34809999999999997,1.5376,3.7636,4.120899999999999,2.1904,2.7889,1.8225000000000002,2.3409,6.002500000000001,2.3104,1.2995999999999999,0.010000000000000002,0.0576,0.0256,0.27040000000000003,0.4760999999999999,0.27040000000000003,0.10890000000000001,0.0036,0.31360000000000005,0.010000000000000002,1.1025,0.22089999999999999,0.0625,0.0025000000000000005,0.019600000000000003,0.016900000000000002,0.0841,0.0016,0.004900000000000001,0.0016,0.0036,0.010000000000000002,0.010000000000000002,0.0225
5.0,3.09,4.595,5.5,-0.01,-0.68,16.0,1.563,0.531,-0.836,5.939,10.171,-10.514,95.035,-14.844,96.191,1.0,0.8,0.25,0.8,0.1,0.6,0.59,0.05,0.59,0.24,1.3,1.24,0.14,1.24,0.16,2.1,1.94,0.13,1.94,0.52,2.1,2.03,0.29,2.03,0.69,1.6,1.48,0.04,1.48,0.52,1.7,1.67,0.07,1.67,0.33,1.4,1.35,0.04,1.35,0.06,1.6,1.53,0.06,1.53,0.56,2.5,2.45,0.1,2.45,0.1,1.8,1.52,0.1,1.52,1.05,1.2,1.14,0.15,1.14,0.47,1.0,0.36,1.6900000000000002,4.41,4.41,2.5600000000000005,2.8899999999999997,1.9599999999999997,2.5600000000000005,6.25,3.24,1.44,0.6400000000000001,0.34809999999999997,1.5376,3.7636,4.120899999999999,2.1904,2.7889,1.8225000000000002,2.3409,6.002500000000001,2.3104,1.2995999999999999,0.010000000000000002,0.0576,0.0256,0.27040000000000003,0.4760999999999999,0.27040000000000003,0.10890000000000001,0.0036,0.31360000000000005,0.010000000000000002,1.1025,0.22089999999999999,0.0625,0.0025000000000000005,0.019600000000000003,0.016900000000000002,0.0841,0.0016,0.004900000000000001,0.0016,0.0036,0.010000000000000002,0.010000000000000002,0.0225
6.0,3.15,4.636,6.53,0.01,-0.82,22.3,4.345,2.055,-1.099,4.594,12.421,-12.361,95.389,-15.699,96.686,1.0,0.87,0.21,0.87,0.11,0.6,0.57,0.0,0.57,0.16,1.4,1.26,0.2,1.26,0.15,2.1,1.95,0.1,1.95,0.35,2.3,2.09,0.33,2.09,0.87,1.6,1.51,0.01,1.51,0.56,1.7,1.61,0.02,1.61,0.4,1.4,1.37,0.04,1.37,0.02,1.7,1.56,0.08,1.56,0.57,2.4,2.39,0.15,2.39,0.15,1.8,1.47,0.03,1.47,1.01,1.2,1.13,0.14,1.13,0.48,1.0,0.36,1.9599999999999997,4.41,5.289999999999999,2.5600000000000005,2.8899999999999997,1.9599999999999997,2.8899999999999997,5.76,3.24,1.44,0.7569,0.32489999999999997,1.5876000000000001,3.8024999999999998,4.368099999999999,2.2801,2.5921000000000003,1.8769000000000002,2.4336,5.7121,2.1609,1.2768999999999997,0.0121,0.0256,0.0225,0.12249999999999998,0.7569,0.31360000000000005,0.16000000000000003,0.0004,0.32489999999999997,0.0225,1.0201,0.2304,0.04409999999999999,0.0,0.04000000000000001,0.010000000000000002,0.10890000000000001,0.0001,0.0004,0.0016,0.0064,0.0225,0.0009,0.019600000000000003
7.0,3.2,4.675,7.56,0.03,-0.99,24.0,6.184,3.503,0.602,3.315,14.154,-14.117,96.303,-17.852,97.959,1.0,0.87,0.21,0.87,0.11,0.6,0.57,0.0,0.57,0.16,1.4,1.26,0.2,1.26,0.15,2.1,1.95,0.1,1.95,0.35,2.3,2.09,0.33,2.09,0.87,1.6,1.51,0.01,1.51,0.56,1.7,1.61,0.02,1.61,0.4,1.4,1.37,0.04,1.37,0.02,1.7,1.56,0.08,1.56,0.57,2.4,2.39,0.15,2.39,0.15,1.8,1.47,0.03,1.47,1.01,1.2,1.13,0.14,1.13,0.48,1.0,0.36,1.9599999999999997,4.41,5.289999999999999,2.5600000000000005,2.8899999999999997,1.9599999999999997,2.8899999999999997,5.76,3.24,1.44,0.7569,0.32489999999999997,1.5876000000000001,3.8024999999999998,4.368099999999999,2.2801,2.5921000000000003,1.8769000000000002,2.4336,5.7121,2.1609,1.2768999999999997,0.0121,0.0256,0.0225,0.12249999999999998,0.7569,0.31360000000000005,0.16000000000000003,0.0004,0.32489999999999997,0.0225,1.0201,0.2304,0.04409999999999999,0.0,0.04000000000000001,0.010000000000000002,0.10890000000000001,0.0001,0.0004,0.0016,0.0064,0.0225,0.0009,0.019600000000000003
8.0,3.23,4.714,8.58,0.01,-1.2,28.0,7.552,4.922,2.275,2.062,15.368,-15.838,95.897,-18.691,97.708,1.0,0.87,0.21,0.87,0.11,0.6,0.57,0.0,0.57,0.16,1.4,1.26,0.2,1.26,0.15,2.1,1.95,0.1,1.95,0.35,2.3,2.09,0.33,2.09,0.87,1.6,1.51,0.01,1.51,0.56,1.7,1.61,0.02,1.61,0.4,1.4,1.37,0.04,1.37,0.02,1.7,1.56,0.08,1.56,0.57,2.4,2.39,0.15,2.39,0.15,1.8,1.47,0.03,1.47,1.01,1.2,1.13,0.14,1.13,0.48,1.0,0.36,1.9599999999999997,4.41,5.289999999999999,2.5600000000000005,2.8899999999999997,1.9599999999999997,2.8899999999999997,5.76,3.24,1.44,0.7569,0.32489999999999997,1.5876000000000001,3.8024999999999998,4.368099999999999,2.2801,2.5921000000000003,1.8769000000000002,2.4336,5.7121,2.1609,1.2768999999999997,0.0121,0.0256,0.0225,0.12249999999999998,0.7569,0.31360000000000005,0.16000000000000003,0.0004,0.32489999999999997,0.0225,1.0201,0.2304,0.04409999999999999,0.0,0.04000000000000001,0.010000000000000002,0.10890000000000001,0.0001,0.0004,0.0016,0.0064,0.0225,0.0009,0.019600000000000003
9.0,3.28,4.752,9.6,-0.02,-1.4,32.4,8.838,6.335,3.94,0.814,16.493,-17.551,95.268,-19.307,97.205,1.0,0.87,0.21,0.87,0.11,0.6,0.57,0.0,0.57,0.16,1.4,1.26,0.2,1.26,0.15,2.1,1.95,0.1,1.95,0.35,2.3,2.09,0.33,2.09,0.87,1.6,1.51,0.01,1.51,0.56,1.7,1.61,0.02,1.61,0.4,1.4,1.37,0.04,1.37,0.02,1.7,1.56,0.08,1.56,0.57,2.4,2.39,0.15,2.39,0.15,1.8,1.47,0.03,1.47,1.01,1.2,1.13,0.14,1.13,0.48,1.0,0.36,1.9599999999999997,4.41,5.289999999999999,2.5600000000000005,2.8899999999999997,1.9599999999999997,2.8899999999999997,5.76,3.24,1.44,0.7569,0.32489999999999997,1.5876000000000001,3.8024999999999998,4.368099999999999,2.2801,2.5921000000000003,1.8769000000000002,2.4336,5.7121,2.1609,1.2768999999999997,0.0121,0.0256,0.0225,0.12249999999999998,0.7569,0.31360000000000005,0.16000000000000003,0.0004,0.32489999999999997,0.0225,1.0201,0.2304,0.04409999999999999,0.0,0.04000000000000001,0.010000000000000002,0.10890000000000001,0.0001,0.0004,0.0016,0.0064,0.0225,0.0009,0.019600000000000003
10.0,3.33,4.79,10.62,-0.04,-1.61,36.2,10.103,7.552,6.006,-0.52,17.523,-19.104,94.729,-19.871,96.792,1.0,0.87,0.21,0.87,0.11,0.6,0.57,0.0,0.57,0.16,1.4,1.26,0.2,1.26,0.15,2.1,1.95,0.1,1.95,0.35,2.3,2.09,0.33,2.09,0.87,1.6,1.51,0.01,1.51,0.56,1.7,1.61,0.02,1.61,0.4,1.4,1.37,0.04,1.37,0.02,1.7,1.56,0.08,1.56,0.57,2.4,2.39,0.15,2.39,0.15,1.8,1.47,0.03,1.47,1.01,1.2,1.13,0.14,1.13,0.48,1.0,0.36,1.9599999999999997,4.41,5.289999999999999,2.5600000000000005,2.8899999999999997,1.9599999999999997,2.8899999999999997,5.76,3.24,1.44,0.7569,0.32489999999999997,1.5876000000000001,3.8024999999999998,4.368099999999999,2.2801,2.5921000000000003,1.8769000000000002,2.4336,5.7121,2.1609,1.2768999999999997,0.0121,0.0256,0.0225,0.12249999999999998,0.7569,0.31360000000000005,0.16000000000000003,0.0004,0.32489999999999997,0.0225,1.0201,0.2304,0.04409999999999999,0.0,0.04000000000000001,0.010000000000000002,0.10890000000000001,0.0001,0.0004,0.0016,0.0064,0.0225,0.0009,0.019600000000000003
11.0,3.39,4.829,11.64,-0.05,-1.82,37.8,11.303,8.135,9.381,-2.143,18.248,-20.141,94.482,-20.27,96.634,1.0,0.87,0.21,0.87,0.11,0.6,0.57,0.0,0.57,0.16,1.4,1.26,0.2,1.26,0.15,2.1,1.95,0.1,1.95,0.35,2.3,2.09,0.33,2.09,0.87,1.6,1.51,0.01,1.51,0.56,1.7,1.61,0.02,1.61,0.4,1.4,1.37,0.04,1.37,0.02,1.7,1.56,0.08,1.56,0.57,2.4,2.39,0.15,2.39,0.15,1.8,1.47,0.03,1.47,1.01,1.2,1.13,0.14,1.13,0.48,1.0,0.36,1.9599999999999997,4.41,5.289999999999999,2.5600000000000005,2.8899999999999997,1.9599999999999997,2.8899999999999997,5.76,3.24,1.44,0.7569,0.32489999999999997,1.5876000000000001,3.8024999999999998,4.368099999999999,2.2801,2.5921000000000003,1.8769000000000002,2.4336,5.7121,2.1609,1.2768999999999997,0.0121,0.0256,0.0225,0.12249999999999998,0.7569,0.31360000000000005,0.16000000000000003,0.0004,0.32489999999999997,0.0225,1.0201,0.2304,0.04409999999999999,0.0,0.04000000000000001,0.010000000000000002,0.10890000000000001,0.0001,0.0004,0.0016,0.0064,0.0225,0.0009,0.019600000000000003
12.0,3.45,4.867,12.65,-0.05,-2.05,38.9,13.117,8.877,12.339,-2.497,18.727,-20.884,94.378,-21.141,96.718,1.0,0.87,0.21,0.87,0.11,0.6,0.57,0.0,0.57,0.16,1.4,1.26,0.2,1.26,0.15,2.1,1.95,0.1,1.95,0.35,2.3,2.09,0.33,2.09,0.87,1.6,1.51,0.01,1.51,0.56,1.7,1.61,0.02,1.61,0.4,1.4,1.37,0.04,1.37,0.02,1.7,1.56,0.08,1.56,0.57,2.4,2.39,0.15,2.39,0.15,1.8,1.47,0.03,1.47,1.01,1.2,1.13,0.14,1.13,0.48,1.0,0.36,1.9599999999999997,4.41,5.289999999999999,2.5600000000000005,2.8899999999999997,1.9599999999999997,2.8899999999999997,5.76,3.24,1.44,0.7569,0.32489999999999997,1.5876000000000001,3.8024999999999998,4.368099999999999,2.2801,2.5921000000000003,1.8769000000000002,2.4336,5.7121,2.1609,1.2768999999999997,0.0121,0.0256,0.0225,0.12249999999999998,0.7569,0.31360000000000005,0.16000000000000003,0.0004,0.32489999999999997,0.0225,1.0201,0.2304,0.04409999999999999,0.0,0.04000000000000001,0.010000000000000002,0.10890000000000001,0.0001,0.0004,0.0016,0.0064,0.0225,0.0009,0.019600000000000003
13.0,3.52,4.906,13.66,-0.06,-2.28,39.6,14.789,9.556,14.665,-3.743,19.056,-21.477,94.139,-21.718,96.613,1.0,0.93,0.16,0.93,0.17,0.6,0.57,0.02,0.57,0.07,1.4,1.29,0.26,1.29,0.11,2.0,1.93,0.05,1.93,0.2,2.1,1.88,0.08,1.88,0.83,1.6,1.52,0.03,1.52,0.56,1.6,1.55,0.02,1.55,0.44,1.4,1.38,0.03,1.38,0.05,1.7,1.57,0.07,1.57,0.56,2.4,2.37,0.17,2.37,0.21,1.8,1.54,0.05,1.54,1.01,1.2,1.17,0.1,1.17,0.43,1.0,0.36,1.9599999999999997,4.0,4.41,2.5600000000000005,2.5600000000000005,1.9599999999999997,2.8899999999999997,5.76,3.24,1.44,0.8649000000000001,0.32489999999999997,1.6641000000000001,3.7249,3.5343999999999998,2.3104,2.4025000000000003,1.9043999999999996,2.4649,5.6169,2.3716,1.3688999999999998,0.028900000000000006,0.004900000000000001,0.0121,0.04000000000000001,0.6889,0.31360000000000005,0.1936,0.0025000000000000005,0.31360000000000005,0.04409999999999999,1.0201,0.18489999999999998,0.0256,0.0004,0.06760000000000001,0.0025000000000000005,0.0064,0.0009,0.0004,0.0009,0.004900000000000001,0.028900000000000006,0.0025000000000000005,0.010000000000000002
14.0,3.6,4.945,14.67,-0.06,-2.51,40.1,16.273,10.218,16.872,-5.552,19.265,-21.933,93.842,-22.274,96.451,1.0,0.93,0.16,0.93,0.17,0.6,0.57,0.02,0.57,0.07,1.4,1.29,0.26,1.29,0.11,2.0,1.93,0.05,1.93,0.2,2.1,1.88,0.08,1.88,0.83,1.6,1.52,0.03,1.52,0.56,1.6,1.55,0.02,1.55,0.44,1.4,1.38,0.03,1.38,0.05,1.7,1.57,0.07,1.57,0.56,2.4,2.37,0.17,2.37,0.21,1.8,1.54,0.05,1.54,1.01,1.2,1.17,0.1,1.17,0.43,1.0,0.36,1.9599999999999997,4.0,4.41,2.5600000000000005,2.5600000000000005,1.9599999999999997,2.8899999999999997,5.76,3.24,1.44,0.8649000000000001,0.32489999999999997,1.6641000000000001,3.7249,3.5343999999999998,2.3104,2.4025000000000003,1.9043999999999996,2.4649,5.6169,2.3716,1.3688999999999998,0.028900000000000006,0.004900000000000001,0.0121,0.04000000000000001,0.6889,0.31360000000000005,0.1936,0.0025000000000000005,0.31360000000000005,0.04409999999999999,1.0201,0.18489999999999998,0.0256,0.0004,0.06760000000000001,0.0025000000000000005,0.0064,0.0009,0.0004,0.0009,0.004900000000000001,0.028900000000000006,0.0025000000000000005,0.010000000000000002
15.0,3.67,4.983,15.68,-0.07,-2.76,40.3,17.531,10.886,19.434,-7.34,19.386,-22.26,93.586,-23.108,96.398,1.0,0.93,0.16,0.93,0.17,0.6,0.57,0.02,0.57,0.07,1.4,1.29,0.26,1.29,0.11,2.0,1.93,0.05,1.93,0.2,2.1,1.88,0.08,1.88,0.83,1.6,1.52,0.03,1.52,0.56,1.6,1.55,0.02,1.55,0.44,1.4,1.38,0.03,1.38,0.05,1.7,1.57,0.07,1.57,0.56,2.4,2.37,0.17,2.37,0.21,1.8,1.54,0.05,1.54,1.01,1.2,1.17,0.1,1.17,0.43,1.0,0.36,1.9599999999999997,4.0,4.41,2.5600000000000005,2.5600000000000005,1.9599999999999997,2.8899999999999997,5.76,3.24,1.44,0.8649000000000001,0.32489999999999997,1.6641000000000001,3.7249,3.5343999999999998,2.3104,2.4025000000000003,1.9043999999999996,2.4649,5.6169,2.3716,1.3688999999999998,0.028900000000000006,0.004900000000000001,0.0121,0.04000000000000001,0.6889,0.31360000000000005,0.1936,0.0025000000000000005,0.31360000000000005,0.04409999999999999,1.0201,0.18489999999999998,0.0256,0.0004,0.06760000000000001,0.0025000000000000005,0.0064,0.0009,0.0004,0.0009,0.004900000000000001,0.028900000000000006,0.0025000000000000005,0.010000000000000002
16.0,3.75,5.022,16.68,-0.07,-3.01,40.6,17.719,10.985,21.509,-7.899,19.494,-22.487,93.422,-23.765,96.399,1.0,0.93,0.16,0.93,0.17,0.6,0.57,0.02,0.57,0.07,1.4,1.29,0.26,1.29,0.11,2.0,1.93,0.05,1.93,0.2,2.1,1.88,0.08,1.88,0.83,1.6,1.52,0.03,1.52,0.56,1.6,1.55,0.02,1.55,0.44,1.4,1.38,0.03,1.38,0.05,1.7,1.57,0.07,1.57,0.56,2.4,2.37,0.17,2.37,0.21,1.8,1.54,0.05,1.54,1.01,1.2,1.17,0.1,1.17,0.43,1.0,0.36,1.9599999999999997,4.0,4.41,2.5600000000000005,2.5600000000000005,1.9599999999999997,2.8899999999999997,5.76,3.24,1.44,0.8649000000000001,0.32489999999999997,1.6641000000000001,3.7249,3.5343999999999998,2.3104,2.4025000000000003,1.9043999999999996,2.4649,5.6169,2.3716,1.3688999999999998,0.028900000000000006,0.004900000000000001,0.0121,0.04000000000000001,0.6889,0.31360000000000005,0.1936,0.0025000000000000005,0.31360000000000005,0.04409999999999999,1.0201,0.18489999999999998,0.0256,0.0004,0.06760000000000001,0.0025000000000000005,0.0064,0.0009,0.0004,0.0009,0.004900000000000001,0.028900000000000006,0.0025000000000000005,0.010000000000000002
17.0,3.83,5.06,17.68,-0.08,-3.27,40.9,17.907,11.083,23.578,-8.456,19.603,-22.712,93.258,-24.421,96.405,1.0,0.93,0.16,0.93,0.17,0.6,0.57,0.02,0.57,0.07,1.4,1.29,0.26,1.29,0.11,2.0,1.93,0.05,1.93,0.2,2.1,1.88,0.08,1.88,0.83,1.6,1.52,0.03,1.52,0.56,1.6,1.55,0.02,1.55,0.44,1.4,1.38,0.03,1.38,0.05,1.7,1.57,0.07,1.57,0.56,2.4,2.37,0.17,2.37,0.21,1.8,1.54,0.05,1.54,1.01,1.2,1.17,0.1,1.17,0.43,1.0,0.36,1.9599999999999997,4.0,4.41,2.5600000000000005,2.5600000000000005,1.9599999999999997,2.8899999999999997,5.76,3.24,1.44,0.8649000000000001,0.32489999999999997,1.6641000000000001,3.7249,3.5343999999999998,2.3104,2.4025000000000003,1.9043999999999996,2.4649,5.6169,2.3716,1.3688999999999998,0.028900000000000006,0.004900000000000001,0.0121,0.04000000000000001,0.6889,0.31360000000000005,0.1936,0.0025000000000000005,0.31360000000000005,0.04409999999999999,1.0201,0.18489999999999998,0.0256,0.0004,0.06760000000000001,0.0025000000000000005,0.0064,0.0009,0.0004,0.0009,0.004900000000000001,0.028900000000000006,0.0025000000000000005,0.010000000000000002
18.0,3.91,5.099,18.68,-0.09,-3.54,41.0,17.782,10.796,25.184,-8.227,19.62,-22.807,93.179,-25.222,96.535,1.0,0.93,0.16,0.93,0.17,0.6,0.57,0.02,0.57,0.07,1.4,1.29,0.26,1.29,0.11,2.0,1.93,0.05,1.93,0.2,2.1,1.88,0.08,1.88,0.83,1.6,1.52,0.03,1.52,0.56,1.6,1.55,0.02,1.55,0.44,1.4,1.38,0.03,1.38,0.05,1.7,1.57,0.07,1.57,0.56,2.4,2.37,0.17,2.37,0.21,1.8,1.54,0.05,1.54,1.01,1.2,1.17,0.1,1.17,0.43,1.0,0.36,1.9599999999999997,4.0,4.41,2.5600000000000005,2.5600000000000005,1.9599999999999997,2.8899999999999997,5.76,3.24,1.44,0.8649000000000001,0.32489999999999997,1.6641000000000001,3.7249,3.5343999999999998,2.3104,2.4025000000000003,1.9043999999999996,2.4649,5.6169,2.3716,1.3688999999999998,0.028900000000000006,0.004900000000000001,0.0121,0.04000000000000001,0.6889,0.31360000000000005,0.1936,0.0025000000000000005,0.31360000000000005,0.04409999999999999,1.0201,0.18489999999999998,0.0256,0.0004,0.06760000000000001,0.0025000000000000005,0.0064,0.0009,0.0004,0.0009,0.004900000000000001,0.028900000000000006,0.0025000000000000005,0.010000000000000002
19.0,3.99,5.137,19.67,-0.1,-3.81,40.9,17.314,10.05,26.468,-7.372,19.462,-22.717,93.137,-26.08,96.723,1.1,1.01,0.03,1.01,0.26,0.6,0.63,0.04,0.63,0.01,1.6,1.47,0.33,1.47,0.17,2.0,1.93,0.03,1.93,0.16,2.0,1.78,0.03,1.78,0.86,1.6,1.51,0.01,1.51,0.41,1.5,1.44,0.12,1.44,0.41,1.4,1.39,0.02,1.39,0.09,1.7,1.58,0.08,1.58,0.56,2.4,2.36,0.15,2.36,0.3,1.9,1.52,0.06,1.52,1.08,1.3,1.22,0.07,1.22,0.35,1.2100000000000002,0.36,2.5600000000000005,4.0,4.0,2.5600000000000005,2.25,1.9599999999999997,2.8899999999999997,5.76,3.61,1.6900000000000002,1.0201,0.39690000000000003,2.1609,3.7249,3.1684,2.2801,2.0736,1.9320999999999997,2.4964000000000004,5.569599999999999,2.3104,1.4884,0.06760000000000001,0.0001,0.028900000000000006,0.0256,0.7395999999999999,0.16809999999999997,0.16809999999999997,0.0081,0.31360000000000005,0.09,1.1664,0.12249999999999998,0.0009,0.0016,0.10890000000000001,0.0009,0.0009,0.0001,0.0144,0.0004,0.0064,0.0225,0.0036,0.004900000000000001
20.0,4.07,5.176,20.67,-0.11,-4.09,40.3,16.918,9.216,28.758,-7.842,18.952,-22.455,92.809,-26.408,96.498,1.1,1.01,0.03,1.01,0.26,0.6,0.63,0.04,0.63,0.01,1.6,1.47,0.33,1.47,0.17,2.0,1.93,0.03,1.93,0.16,2.0,1.78,0.03,1.78,0.86,1.6,1.51,0.01,1.51,0.41,1.5,1.44,0.12,1.44,0.41,1.4,1.39,0.02,1.39,0.09,1.7,1.58,0.08,1.58,0.56,2.4,2.36,0.15,2.36,0.3,1.9,1.52,0.06,1.52,1.08,1.3,1.22,0.07,1.22,0.35,1.2100000000000002,0.36,2.5600000000000005,4.0,4.0,2.5600000000000005,2.25,1.9599999999999997,2.8899999999999997,5.76,3.61,1.6900000000000002,1.0201,0.39690000000000003,2.1609,3.7249,3.1684,2.2801,2.0736,1.9320999999999997,2.4964000000000004,5.569599999999999,2.3104,1.4884,0.06760000000000001,0.0001,0.028900000000000006,0.0256,0.7395999999999999,0.16809999999999997,0.16809999999999997,0.0081,0.31360000000000005,0.09,1.1664,0.12249999999999998,0.0009,0.0016,0.10890000000000001,0.0009,0.0009,0.0001,0.0144,0.0004,0.0064,0.0225,0.0036,0.004900000000000001
21.0,4.15,5.214,21.65,-0.12,-4.38,39.5,16.512,8.303,30.353,-8.281,18.226,-22.23,92.587,-27.277,96.528,1.1,1.01,0.03,1.01,0.26,0.6,0.63,0.04,0.63,0.01,1.6,1.47,0.33,1.47,0.17,2.0,1.93,0.03,1.93,0.16,2.0,1.78,0.03,1.78,0.86,1.6,1.51,0.01,1.51,0.41,1.5,1.44,0.12,1.44,0.41,1.4,1.39,0.02,1.39,0.09,1.7,1.58,0.08,1.58,0.56,2.4,2.36,0.15,2.36,0.3,1.9,1.52,0.06,1.52,1.08,1.3,1.22,0.07,1.22,0.35,1.2100000000000002,0.36,2.5600000000000005,4.0,4.0,2.5600000000000005,2.25,1.9599999999999997,2.8899999999999997,5.76,3.61,1.6900000000000002,1.0201,0.39690000000000003,2.1609,3.7249,3.1684,2.2801,2.0736,1.9320999999999997,2.4964000000000004,5.569599999999999,2.3104,1.4884,0.06760000000000001,0.0001,0.028900000000000006,0.0256,0.7395999999999999,0.16809999999999997,0.16809999999999997,0.0081,0.31360000000000005,0.09,1.1664,0.12249999999999998,0.0009,0.0016,0.10890000000000001,0.0009,0.0009,0.0001,0.0144,0.0004,0.0064,0.0225,0.0036,0.004900000000000001
22.0,4.24,5.253,22.64,-0.13,-4.67,38.8,16.081,7.549,32.104,-9.005,17.518,-22.162,92.39,-27.906,96.521,1.1,1.01,0.03,1.01,0.26,0.6,0.63,0.04,0.63,0.01,1.6,1.47,0.33,1.47,0.17,2.0,1.93,0.03,1.93,0.16,2.0,1.78,0.03,1.78,0.86,1.6,1.51,0.01,1.51,0.41,1.5,1.44,0.12,1.44,0.41,1.4,1.39,0.02,1.39,0.09,1.7,1.58,0.08,1.58,0.56,2.4,2.36,0.15,2.36,0.3,1.9,1.52,0.06,1.52,1.08,1.3,1.22,0.07,1.22,0.35,1.2100000000000002,0.36,2.5600000000000005,4.0,4.0,2.5600000000000005,2.25,1.9599999999999997,2.8899999999999997,5.76,3.61,1.6900000000000002,1.0201,0.39690000000000003,2.1609,3.7249,3.1684,2.2801,2.0736,1.9320999999999997,2.4964000000000004,5.569599999999999,2.3104,1.4884,0.06760000000000001,0.0001,0.028900000000000006,0.0256,0.7395999999999999,0.16809999999999997,0.16809999999999997,0.0081,0.31360000000000005,0.09,1.1664,0.12249999999999998,0.0009,0.0016,0.10890000000000001,0.0009,0.0009,0.0001,0.0144,0.0004,0.0064,0.0225,0.0036,0.004900000000000001
23.0,4.32,5.291,23.63,-0.14,-4.96,38.4,15.62,6.891,33.771,-9.456,16.921,-22.264,92.229,-28.405,96.515,1.1,1.01,0.03,1.01,0.26,0.6,0.63,0.04,0.63,0.01,1.6,1.47,0.33,1.47,0.17,2.0,1.93,0.03,1.93,0.16,2.0,1.78,0.03,1.78,0.86,1.6,1.51,0.01,1.51,0.41,1.5,1.44,0.12,1.44,0.41,1.4,1.39,0.02,1.39,0.09,1.7,1.58,0.08,1.58,0.56,2.4,2.36,0.15,2.36,0.3,1.9,1.52,0.06,1.52,1.08,1.3,1.22,0.07,1.22,0.35,1.2100000000000002,0.36,2.5600000000000005,4.0,4.0,2.5600000000000005,2.25,1.9599999999999997,2.8899999999999997,5.76,3.61,1.6900000000000002,1.0201,0.39690000000000003,2.1609,3.7249,3.1684,2.2801,2.0736,1.9320999999999997,2.4964000000000004,5.569599999999999,2.3104,1.4884,0.06760000000000001,0.0001,0.028900000000000006,0.0256,0.7395999999999999,0.16809999999999997,0.16809999999999997,0.0081,0.31360000000000005,0.09,1.1664,0.12249999999999998,0.0009,0.0016,0.10890000000000001,0.0009,0.0009,0.0001,0.0144,0.0004,0.0064,0.0225,0.0036,0.004900000000000001
24.0,4.4,5.329,24.6,-0.16,-5.27,38.3,15.129,6.128,34.616,-8.503,16.525,-22.518,92.149,-29.243,96.69,1.1,1.01,0.03,1.01,0.26,0.6,0.63,0.04,0.63,0.01,1.6,1.47,0.33,1.47,0.17,2.0,1.93,0.03,1.93,0.16,2.0,1.78,0.03,1.78,0.86,1.6,1.51,0.01,1.51,0.41,1.5,1.44,0.12,1.44,0.41,1.4,1.39,0.02,1.39,0.09,1.7,1.58,0.08,1.58,0.56,2.4,2.36,0.15,2.36,0.3,1.9,1.52,0.06,1.52,1.08,1.3,1.22,0.07,1.22,0.35,1.2100000000000002,0.36,2.5600000000000005,4.0,4.0,2.5600000000000005,2.25,1.9599999999999997,2.8899999999999997,5.76,3.61,1.6900000000000002,1.0201,0.39690000000000003,2.1609,3.7249,3.1684,2.2801,2.0736,1.9320999999999997,2.4964000000000004,5.569599999999999,2.3104,1.4884,0.06760000000000001,0.0001,0.028900000000000006,0.0256,0.7395999999999999,0.16809999999999997,0.16809999999999997,0.0081,0.31360000000000005,0.09,1.1664,0.12249999999999998,0.0009,0.0016,0.10890000000000001,0.0009,0.0009,0.0001,0.0144,0.0004,0.0064,0.0225,0.0036,0.004900000000000001
25.0,4.49,5.367,25.58,-0.18,-5.58,38.6,14.708,5.542,35.227,-9.863,16.459,-22.806,92.056,-29.934,96.819,1.1,1.01,0.03,1.01,0.26,0.6,0.63,0.04,0.63,0.01,1.6,1.47,0.33,1.47,0.17,2.0,1.93,0.03,1.93,0.16,2.0,1.78,0.03,1.78,0.86,1.6,1.51,0.01,1.51,0.41,1.5,1.44,0.12,1.44,0.41,1.4,1.39,0.02,1.39,0.09,1.7,1.58,0.08,1.58,0.56,2.4,2.36,0.15,2.36,0.3,1.9,1.52,0.06,1.52,1.08,1.3,1.22,0.07,1.22,0.35,1.2100000000000002,0.36,2.5600000000000005,4.0,4.0,2.5600000000000005,2.25,1.9599999999999997,2.8899999999999997,5.76,3.61,1.6900000000000002,1.0201,0.39690000000000003,2.1609,3.7249,3.1684,2.2801,2.0736,1.9320999999999997,2.4964000000000004,5.569599999999999,2.3104,1.4884,0.06760000000000001,0.0001,0.028900000000000006,0.0256,0.7395999999999999,0.16809999999999997,0.16809999999999997,0.0081,0.31360000000000005,0.09,1.1664,0.12249999999999998,0.0009,0.0016,0.10890000000000001,0.0009,0.0009,0.0001,0.0144,0.0004,0.0064,0.0225,0.0036,0.004900000000000001
26.0,4.56,5.406,26.55,-0.2,-5.9,39.0,14.258,5.151,34.531,-10.915,16.573,-23.045,91.856,-30.608,96.842,1.1,1.01,0.03,1.01,0.26,0.6,0.63,0.04,0.63,0.01,1.6,1.47,0.33,1.47,0.17,2.0,1.93,0.03,1.93,0.16,2.0,1.78,0.03,1.78,0.86,1.6,1.51,0.01,1.51,0.41,1.5,1.44,0.12,1.44,0.41,1.4,1.39,0.02,1.39,0.09,1.7,1.58,0.08,1.58,0.56,2.4,2.36,0.15,2.36,0.3,1.9,1.52,0.06,1.52,1.08,1.3,1.22,0.07,1.22,0.35,1.2100000000000002,0.36,2.5600000000000005,4.0,4.0,2.5600000000000005,2.25,1.9599999999999997,2.8899999999999997,5.76,3.61,1.6900000000000002,1.0201,0.39690000000000003,2.1609,3.7249,3.1684,2.2801,2.0736,1.9320999999999997,2.4964000000000004,5.569599999999999,2.3104,1.4884,0.06760000000000001,0.0001,0.028900000000000006,0.0256,0.7395999999999999,0.16809999999999997,0.16809999999999997,0.0081,0.31360000000000005,0.09,1.1664,0.12249999999999998,0.0009,0.0016,0.10890000000000001,0.0009,0.0009,0.0001,0.0144,0.0004,0.0064,0.0225,0.0036,0.004900000000000001
27.0,4.63,5.444,27.52,-0.23,-6.23,39.4,13.753,4.901,33.664,-11.647,16.783,-23.214,91.664,-31.246,96.863,1.1,1.01,0.03,1.01,0.26,0.6,0.63,0.04,0.63,0.01,1.6,1.47,0.33,1.47,0.17,2.0,1.93,0.03,1.93,0.16,2.0,1.78,0.03,1.78,0.86,1.6,1.51,0.01,1.51,0.41,1.5,1.44,0.12,1.44,0.41,1.4,1.39,0.02,1.39,0.09,1.7,1.58,0.08,1.58,0.56,2.4,2.36,0.15,2.36,0.3,1.9,1.52,0.06,1.52,1.08,1.3,1.22,0.07,1.22,0.35,1.2100000000000002,0.36,2.5600000000000005,4.0,4.0,2.5600000000000005,2.25,1.9599999999999997,2.8899999999999997,5.76,3.61,1.6900000000000002,1.0201,0.39690000000000003,2.1609,3.7249,3.1684,2.2801,2.0736,1.9320999999999997,2.4964000000000004,5.569599999999999,2.3104,1.4884,0.06760000000000001,0.0001,0.028900000000000006,0.0256,0.7395999999999999,0.16809999999999997,0.16809999999999997,0.0081,0.31360000000000005,0.09,1.1664,0.12249999999999998,0.0009,0.0016,0.10890000000000001,0.0009,0.0009,0.0001,0.0144,0.0004,0.0064,0.0225,0.0036,0.004900000000000001
28.0,4.72,5.482,28.49,-0.26,-6.55,39.5,13.174,4.73,33.878,-12.209,17.002,-23.295,91.599,-31.828,96.992,1.1,1.01,0.03,1.01,0.26,0.6,0.63,0.04,0.63,0.01,1.6,1.47,0.33,1.47,0.17,2.0,1.93,0.03,1.93,0.16,2.0,1.78,0.03,1.78,0.86,1.6,1.51,0.01,1.51,0.41,1.5,1.44,0.12,1.44,0.41,1.4,1.39,0.02,1.39,0.09,1.7,1.58,0.08,1.58,0.56,2.4,2.36,0.15,2.36,0.3,1.9,1.52,0.06,1.52,1.08,1.3,1.22,0.07,1.22,0.35,1.2100000000000002,0.36,2.5600000000000005,4.0,4.0,2.5600000000000005,2.25,1.9599999999999997,2.8899999999999997,5.76,3.61,1.6900000000000002,1.0201,0.39690000000000003,2.1609,3.7249,3.1684,2.2801,2.0736,1.9320999999999997,2.4964000000000004,5.569599999999999,2.3104,1.4884,0.06760000000000001,0.0001,0.028900000000000006,0.0256,0.7395999999999999,0.16809999999999997,0.16809999999999997,0.0081,0.31360000000000005,0.09,1.1664,0.12249999999999998,0.0009,0.0016,0.10890000000000001,0.0009,0.0009,0.0001,0.0144,0.0004,0.0064,0.0225,0.0036,0.004900000000000001
29.0,4.79,5.519,29.45,-0.28,-6.88,39.3,12.596,4.445,34.091,-13.519,17.22,-23.17,91.374,-32.49,96.997,1.1,1.01,0.03,1.01,0.26,0.6,0.63,0.04,0.63,0.01,1.6,1.47,0.33,1.47,0.17,2.0,1.93,0.03,1.93,0.16,2.0,1.78,0.03,1.78,0.86,1.6,1.51,0.01,1.51,0.41,1.5,1.44,0.12,1.44,0.41,1.4,1.39,0.02,1.39,0.09,1.7,1.58,0.08,1.58,0.56,2.4,2.36,0.15,2.36,0.3,1.9,1.52,0.06,1.52,1.08,1.3,1.22,0.07,1.22,0.35,1.2100000000000002,0.36,2.5600000000000005,4.0,4.0,2.5600000000000005,2.25,1.9599999999999997,2.8899999999999997,5.76,3.61,1.6900000000000002,1.0201,0.39690000000000003,2.1609,3.7249,3.1684,2.2801,2.0736,1.9320999999999997,2.4964000000000004,5.569599999999999,2.3104,1.4884,0.06760000000000001,0.0001,0.028900000000000006,0.0256,0.7395999999999999,0.16809999999999997,0.16809999999999997,0.0081,0.31360000000000005,0.09,1.1664,0.12249999999999998,0.0009,0.0016,0.10890000000000001,0.0009,0.0009,0.0001,0.0144,0.0004,0.0064,0.0225,0.0036,0.004900000000000001
30.0,4.85,5.557,30.41,-0.3,-7.23,39.2,12.022,3.83,34.304,-13.712,17.438,-22.985,91.337,-33.298,97.236,1.1,1.01,0.03,1.01,0.26,0.6,0.63,0.04,0.63,0.01,1.6,1.47,0.33,1.47,0.17,2.0,1.93,0.03,1.93,0.16,2.0,1.78,0.03,1.78,0.86,1.6,1.51,0.01,1.51,0.41,1.5,1.44,0.12,1.44,0.41,1.4,1.39,0.02,1.39,0.09,1.7,1.58,0.08,1.58,0.56,2.4,2.36,0.15,2.36,0.3,1.9,1.52,0.06,1.52,1.08,1.3,1.22,0.07,1.22,0.35,1.2100000000000002,0.36,2.5600000000000005,4.0,4.0,2.5600000000000005,2.25,1.9599999999999997,2.8899999999999997,5.76,3.61,1.6900000000000002,1.0201,0.39690000000000003,2.1609,3.7249,3.1684,2.2801,2.0736,1.9320999999999997,2.4964000000000004,5.569599999999999,2.3104,1.4884,0.06760000000000001,0.0001,0.028900000000000006,0.0256,0.7395999999999999,0.16809999999999997,0.16809999999999997,0.0081,0.31360000000000005,0.09,1.1664,0.12249999999999998,0.0009,0.0016,0.10890000000000001,0.0009,0.0009,0.0001,0.0144,0.0004,0.0064,0.0225,0.0036,0.004900000000000001
31.0,4.9,5.595,31.36,-0.33,-7.58,39.3,11.449,3.252,34.515,-13.627,17.655,-22.804,91.309,-33.954,97.44,1.1,1.01,0.03,1.01,0.26,0.6,0.63,0.04,0.63,0.01,1.6,1.47,0.33,1.47,0.17,2.0,1.93,0.03,1.93,0.16,2.0,1.78,0.03,1.78,0.86,1.6,1.51,0.01,1.51,0.41,1.5,1.44,0.12,1.44,0.41,1.4,1.39,0.02,1.39,0.09,1.7,1.58,0.08,1.58,0.56,2.4,2.36,0.15,2.36,0.3,1.9,1.52,0.06,1.52,1.08,1.3,1.22,0.07,1.22,0.35,1.2100000000000002,0.36,2.5600000000000005,4.0,4.0,2.5600000000000005,2.25,1.9599999999999997,2.8899999999999997,5.76,3.61,1.6900000000000002,1.0201,0.39690000000000003,2.1609,3.7249,3.1684,2.2801,2.0736,1.9320999999999997,2.4964000000000004,5.569599999999999,2.3104,1.4884,0.06760000000000001,0.0001,0.028900000000000006,0.0256,0.7395999999999999,0.16809999999999997,0.16809999999999997,0.0081,0.31360000000000005,0.09,1.1664,0.12249999999999998,0.0009,0.0016,0.10890000000000001,0.0009,0.0009,0.0001,0.0144,0.0004,0.0064,0.0225,0.0036,0.004900000000000001
32.0,4.94,5.632,32.31,-0.33,-7.95,39.9,10.877,2.996,34.726,-13.913,17.871,-22.678,91.149,-34.232,97.399,1.2,1.05,0.02,1.05,0.32,0.7,0.69,0.11,0.69,0.05,1.6,1.57,0.35,1.57,0.17,2.0,1.96,0.04,1.96,0.21,2.0,1.82,0.01,1.82,0.85,1.6,1.54,0.0,1.54,0.33,1.4,1.35,0.21,1.35,0.34,1.4,1.4,0.0,1.4,0.14,1.7,1.6,0.09,1.6,0.58,2.5,2.47,0.03,2.47,0.29,1.9,1.55,0.07,1.55,1.11,1.3,1.23,0.05,1.23,0.31,1.44,0.48999999999999994,2.5600000000000005,4.0,4.0,2.5600000000000005,1.9599999999999997,1.9599999999999997,2.8899999999999997,6.25,3.61,1.6900000000000002,1.1025,0.4760999999999999,2.4649,3.8415999999999997,3.3124000000000002,2.3716,1.8225000000000002,1.9599999999999997,2.5600000000000005,6.100900000000001,2.4025000000000003,1.5129,0.1024,0.0025000000000000005,0.028900000000000006,0.04409999999999999,0.7224999999999999,0.10890000000000001,0.11560000000000002,0.019600000000000003,0.3364,0.0841,1.2321000000000002,0.0961,0.0004,0.0121,0.12249999999999998,0.0016,0.0001,0.0,0.04409999999999999,0.0,0.0081,0.0009,0.004900000000000001,0.0025000000000000005
33.0,4.99,5.67,33.25,-0.34,-8.32,40.5,10.306,2.74,34.937,-14.199,18.087,-22.552,90.99,-34.51,97.361,1.2,1.05,0.02,1.05,0.32,0.7,0.69,0.11,0.69,0.05,1.6,1.57,0.35,1.57,0.17,2.0,1.96,0.04,1.96,0.21,2.0,1.82,0.01,1.82,0.85,1.6,1.54,0.0,1.54,0.33,1.4,1.35,0.21,1.35,0.34,1.4,1.4,0.0,1.4,0.14,1.7,1.6,0.09,1.6,0.58,2.5,2.47,0.03,2.47,0.29,1.9,1.55,0.07,1.55,1.11,1.3,1.23,0.05,1.23,0.31,1.44,0.48999999999999994,2.5600000000000005,4.0,4.0,2.5600000000000005,1.9599999999999997,1.9599999999999997,2.8899999999999997,6.25,3.61,1.6900000000000002,1.1025,0.4760999999999999,2.4649,3.8415999999999997,3.3124000000000002,2.3716,1.8225000000000002,1.9599999999999997,2.5600000000000005,6.100900000000001,2.4025000000000003,1.5129,0.1024,0.0025000000000000005,0.028900000000000006,0.04409999999999999,0.7224999999999999,0.10890000000000001,0.11560000000000002,0.019600000000000003,0.3364,0.0841,1.2321000000000002,0.0961,0.0004,0.0121,0.12249999999999998,0.0016,0.0001,0.0,0.04409999999999999,0.0,0.0081,0.0009,0.004900000000000001,0.0025000000000000005
34.0,5.04,5.707,34.2,-0.37,-8.68,40.4,9.698,2.485,34.904,-14.484,17.862,-22.427,90.913,-35.014,97.477,1.2,1.05,0.02,1.05,0.32,0.7,0.69,0.11,0.69,0.05,1.6,1.57,0.35,1.57,0.17,2.0,1.96,0.04,1.96,0.21,2.0,1.82,0.01,1.82,0.85,1.6,1.54,0.0,1.54,0.33,1.4,1.35,0.21,1.35,0.34,1.4,1.4,0.0,1.4,0.14,1.7,1.6,0.09,1.6,0.58,2.5,2.47,0.03,2.47,0.29,1.9,1.55,0.07,1.55,1.11,1.3,1.23,0.05,1.23,0.31,1.44,0.48999999999999994,2.5600000000000005,4.0,4.0,2.5600000000000005,1.9599999999999997,1.9599999999999997,2.8899999999999997,6.25,3.61,1.6900000000000002,1.1025,0.4760999999999999,2.4649,3.8415999999999997,3.3124000000000002,2.3716,1.8225000000000002,1.9599999999999997,2.5600000000000005,6.100900000000001,2.4025000000000003,1.5129,0.1024,0.0025000000000000005,0.028900000000000006,0.04409999999999999,0.7224999999999999,0.10890000000000001,0.11560000000000002,0.019600000000000003,0.3364,0.0841,1.2321000000000002,0.0961,0.0004,0.0121,0.12249999999999998,0.0016,0.0001,0.0,0.04409999999999999,0.0,0.0081,0.0009,0.004900000000000001,0.0025000000000000005
35.0,5.08,5.744,35.14,-0.4,-9.05,40.1,8.964,2.23,35.181,-14.768,17.466,-22.302,90.886,-35.679,97.696,1.2,1.05,0.02,1.05,0.32,0.7,0.69,0.11,0.69,0.05,1.6,1.57,0.35,1.57,0.17,2.0,1.96,0.04,1.96,0.21,2.0,1.82,0.01,1.82,0.85,1.6,1.54,0.0,1.54,0.33,1.4,1.35,0.21,1.35,0.34,1.4,1.4,0.0,1.4,0.14,1.7,1.6,0.09,1.6,0.58,2.5,2.47,0.03,2.47,0.29,1.9,1.55,0.07,1.55,1.11,1.3,1.23,0.05,1.23,0.31,1.44,0.48999999999999994,2.5600000000000005,4.0,4.0,2.5600000000000005,1.9599999999999997,1.9599999999999997,2.8899999999999997,6.25,3.61,1.6900000000000002,1.1025,0.4760999999999999,2.4649,3.8415999999999997,3.3124000000000002,2.3716,1.8225000000000002,1.9599999999999997,2.5600000000000005,6.100900000000001,2.4025000000000003,1.5129,0.1024,0.0025000000000000005,0.028900000000000006,0.04409999999999999,0.7224999999999999,0.10890000000000001,0.11560000000000002,0.019600000000000003,0.3364,0.0841,1.2321000000000002,0.0961,0.0004,0.0121,0.12249999999999998,0.0016,0.0001,0.0,0.04409999999999999,0.0,0.0081,0.0009,0.004900000000000001,0.0025000000000000005
36.0,5.11,5.781,36.07,-0.42,-9.43,39.8,8.034,1.976,36.219,-15.052,17.111,-22.177,90.885,-36.454,97.977,1.2,1.05,0.02,1.05,0.32,0.7,0.69,0.11,0.69,0.05,1.6,1.57,0.35,1.57,0.17,2.0,1.96,0.04,1.96,0.21,2.0,1.82,0.01,1.82,0.85,1.6,1.54,0.0,1.54,0.33,1.4,1.35,0.21,1.35,0.34,1.4,1.4,0.0,1.4,0.14,1.7,1.6,0.09,1.6,0.58,2.5,2.47,0.03,2.47,0.29,1.9,1.55,0.07,1.55,1.11,1.3,1.23,0.05,1.23,0.31,1.44,0.48999999999999994,2.5600000000000005,4.0,4.0,2.5600000000000005,1.9599999999999997,1.9599999999999997,2.8899999999999997,6.25,3.61,1.6900000000000002,1.1025,0.4760999999999999,2.4649,3.8415999999999997,3.3124000000000002,2.3716,1.8225000000000002,1.9599999999999997,2.5600000000000005,6.100900000000001,2.4025000000000003,1.5129,0.1024,0.0025000000000000005,0.028900000000000006,0.04409999999999999,0.7224999999999999,0.10890000000000001,0.11560000000000002,0.019600000000000003,0.3364,0.0841,1.2321000000000002,0.0961,0.0004,0.0121,0.12249999999999998,0.0016,0.0001,0.0,0.04409999999999999,0.0,0.0081,0.0009,0.004900000000000001,0.0025000000000000005
37.0,5.14,5.818,37.0,-0.45,-9.81,39.4,7.104,1.723,37.256,-15.335,16.757,-22.052,90.884,-37.228,98.264,1.2,1.05,0.02,1.05,0.32,0.7,0.69,0.11,0.69,0.05,1.6,1.57,0.35,1.57,0.17,2.0,1.96,0.04,1.96,0.21,2.0,1.82,0.01,1.82,0.85,1.6,1.54,0.0,1.54,0.33,1.4,1.35,0.21,1.35,0.34,1.4,1.4,0.0,1.4,0.14,1.7,1.6,0.09,1.6,0.58,2.5,2.47,0.03,2.47,0.29,1.9,1.55,0.07,1.55,1.11,1.3,1.23,0.05,1.23,0.31,1.44,0.48999999999999994,2.5600000000000005,4.0,4.0,2.5600000000000005,1.9599999999999997,1.9599999999999997,2.8899999999999997,6.25,3.61,1.6900000000000002,1.1025,0.4760999999999999,2.4649,3.8415999999999997,3.3124000000000002,2.3716,1.8225000000000002,1.9599999999999997,2.5600000000000005,6.100900000000001,2.4025000000000003,1.5129,0.1024,0.0025000000000000005,0.028900000000000006,0.04409999999999999,0.7224999999999999,0.10890000000000001,0.11560000000000002,0.019600000000000003,0.3364,0.0841,1.2321000000000002,0.0961,0.0004,0.0121,0.12249999999999998,0.0016,0.0001,0.0,0.04409999999999999,0.0,0.0081,0.0009,0.004900000000000001,0.0025000000000000005
38.0,5.16,5.855,37.93,-0.48,-10.2,39.2,6.066,1.471,37.855,-15.617,16.527,-21.929,90.91,-37.971,98.572,1.2,1.05,0.02,1.05,0.32,0.7,0.69,0.11,0.69,0.05,1.6,1.57,0.35,1.57,0.17,2.0,1.96,0.04,1.96,0.21,2.0,1.82,0.01,1.82,0.85,1.6,1.54,0.0,1.54,0.33,1.4,1.35,0.21,1.35,0.34,1.4,1.4,0.0,1.4,0.14,1.7,1.6,0.09,1.6,0.58,2.5,2.47,0.03,2.47,0.29,1.9,1.55,0.07,1.55,1.11,1.3,1.23,0.05,1.23,0.31,1.44,0.48999999999999994,2.5600000000000005,4.0,4.0,2.5600000000000005,1.9599999999999997,1.9599999999999997,2.8899999999999997,6.25,3.61,1.6900000000000002,1.1025,0.4760999999999999,2.4649,3.8415999999999997,3.3124000000000002,2.3716,1.8225000000000002,1.9599999999999997,2.5600000000000005,6.100900000000001,2.4025000000000003,1.5129,0.1024,0.0025000000000000005,0.028900000000000006,0.04409999999999999,0.7224999999999999,0.10890000000000001,0.11560000000000002,0.019600000000000003,0.3364,0.0841,1.2321000000000002,0.0961,0.0004,0.0121,0.12249999999999998,0.0016,0.0001,0.0,0.04409999999999999,0.0,0.0081,0.0009,0.004900000000000001,0.0025000000000000005
39.0,5.17,5.892,38.85,-0.51,-10.6,39.0,5.157,1.22,38.311,-15.897,16.284,-21.806,90.941,-38.701,98.887,1.2,1.09,0.07,1.09,0.38,0.8,0.71,0.13,0.71,0.13,1.7,1.66,0.4,1.66,0.18,2.1,1.98,0.05,1.98,0.32,2.0,1.93,0.04,1.93,0.56,1.6,1.56,0.01,1.56,0.28,1.3,1.23,0.31,1.23,0.29,1.4,1.41,0.01,1.41,0.16,1.7,1.6,0.06,1.6,0.53,2.6,2.56,0.07,2.56,0.26,2.0,1.57,0.11,1.57,1.18,1.2,1.14,0.13,1.14,0.22,1.44,0.6400000000000001,2.8899999999999997,4.41,4.0,2.5600000000000005,1.6900000000000002,1.9599999999999997,2.8899999999999997,6.760000000000001,4.0,1.44,1.1881000000000002,0.5041,2.7556,3.9204,3.7249,2.4336,1.5129,1.9880999999999998,2.5600000000000005,6.5536,2.4649,1.2995999999999999,0.1444,0.016900000000000002,0.0324,0.1024,0.31360000000000005,0.07840000000000001,0.0841,0.0256,0.28090000000000004,0.06760000000000001,1.3923999999999999,0.0484,0.004900000000000001,0.016900000000000002,0.16000000000000003,0.0025000000000000005,0.0016,0.0001,0.0961,0.0001,0.0036,0.004900000000000001,0.0121,0.016900000000000002
40.0,5.17,5.928,39.77,-0.54,-11.0,38.6,4.679,0.972,38.955,-16.174,15.864,-21.684,90.953,-39.436,99.195,1.2,1.09,0.07,1.09,0.38,0.8,0.71,0.13,0.71,0.13,1.7,1.66,0.4,1.66,0.18,2.1,1.98,0.05,1.98,0.32,2.0,1.93,0.04,1.93,0.56,1.6,1.56,0.01,1.56,0.28,1.3,1.23,0.31,1.23,0.29,1.4,1.41,0.01,1.41,0.16,1.7,1.6,0.06,1.6,0.53,2.6,2.56,0.07,2.56,0.26,2.0,1.57,0.11,1.57,1.18,1.2,1.14,0.13,1.14,0.22,1.44,0.6400000000000001,2.8899999999999997,4.41,4.0,2.5600000000000005,1.6900000000000002,1.9599999999999997,2.8899999999999997,6.760000000000001,4.0,1.44,1.1881000000000002,0.5041,2.7556,3.9204,3.7249,2.4336,1.5129,1.9880999999999998,2.5600000000000005,6.5536,2.4649,1.2995999999999999,0.1444,0.016900000000000002,0.0324,0.1024,0.31360000000000005,0.07840000000000001,0.0841,0.0256,0.28090000000000004,0.06760000000000001,1.3923999999999999,0.0484,0.004900000000000001,0.016900000000000002,0.16000000000000003,0.0025000000000000005,0.0016,0.0001,0.0961,0.0001,0.0036,0.004900000000000001,0.0121,0.016900000000000002
41.0,5.17,5.964,40.68,-0.57,-11.41,38.2,4.203,0.725,39.598,-16.451,15.445,-21.562,90.965,-40.17,99.506,1.2,1.09,0.07,1.09,0.38,0.8,0.71,0.13,0.71,0.13,1.7,1.66,0.4,1.66,0.18,2.1,1.98,0.05,1.98,0.32,2.0,1.93,0.04,1.93,0.56,1.6,1.56,0.01,1.56,0.28,1.3,1.23,0.31,1.23,0.29,1.4,1.41,0.01,1.41,0.16,1.7,1.6,0.06,1.6,0.53,2.6,2.56,0.07,2.56,0.26,2.0,1.57,0.11,1.57,1.18,1.2,1.14,0.13,1.14,0.22,1.44,0.6400000000000001,2.8899999999999997,4.41,4.0,2.5600000000000005,1.6900000000000002,1.9599999999999997,2.8899999999999997,6.760000000000001,4.0,1.44,1.1881000000000002,0.5041,2.7556,3.9204,3.7249,2.4336,1.5129,1.9880999999999998,2.5600000000000005,6.5536,2.4649,1.2995999999999999,0.1444,0.016900000000000002,0.0324,0.1024,0.31360000000000005,0.07840000000000001,0.0841,0.0256,0.28090000000000004,0.06760000000000001,1.3923999999999999,0.0484,0.004900000000000001,0.016900000000000002,0.16000000000000003,0.0025000000000000005,0.0016,0.0001,0.0961,0.0001,0.0036,0.004900000000000001,0.0121,0.016900000000000002
42.0,5.17,6.001,41.6,-0.6,-11.81,37.8,3.727,0.478,40.24,-16.727,15.027,-21.441,90.977,-40.903,99.822,1.2,1.09,0.07,1.09,0.38,0.8,0.71,0.13,0.71,0.13,1.7,1.66,0.4,1.66,0.18,2.1,1.98,0.05,1.98,0.32,2.0,1.93,0.04,1.93,0.56,1.6,1.56,0.01,1.56,0.28,1.3,1.23,0.31,1.23,0.29,1.4,1.41,0.01,1.41,0.16,1.7,1.6,0.06,1.6,0.53,2.6,2.56,0.07,2.56,0.26,2.0,1.57,0.11,1.57,1.18,1.2,1.14,0.13,1.14,0.22,1.44,0.6400000000000001,2.8899999999999997,4.41,4.0,2.5600000000000005,1.6900000000000002,1.9599999999999997,2.8899999999999997,6.760000000000001,4.0,1.44,1.1881000000000002,0.5041,2.7556,3.9204,3.7249,2.4336,1.5129,1.9880999999999998,2.5600000000000005,6.5536,2.4649,1.2995999999999999,0.1444,0.016900000000000002,0.0324,0.1024,0.31360000000000005,0.07840000000000001,0.0841,0.0256,0.28090000000000004,0.06760000000000001,1.3923999999999999,0.0484,0.004900000000000001,0.016900000000000002,0.16000000000000003,0.0025000000000000005,0.0016,0.0001,0.0961,0.0001,0.0036,0.004900000000000001,0.0121,0.016900000000000002
43.0,5.16,6.037,42.51,-0.63,-12.22,37.4,3.346,0.231,40.716,-17.002,14.606,-21.32,90.998,-41.663,100.161,1.2,1.09,0.07,1.09,0.38,0.8,0.71,0.13,0.71,0.13,1.7,1.66,0.4,1.66,0.18,2.1,1.98,0.05,1.98,0.32,2.0,1.93,0.04,1.93,0.56,1.6,1.56,0.01,1.56,0.28,1.3,1.23,0.31,1.23,0.29,1.4,1.41,0.01,1.41,0.16,1.7,1.6,0.06,1.6,0.53,2.6,2.56,0.07,2.56,0.26,2.0,1.57,0.11,1.57,1.18,1.2,1.14,0.13,1.14,0.22,1.44,0.6400000000000001,2.8899999999999997,4.41,4.0,2.5600000000000005,1.6900000000000002,1.9599999999999997,2.8899999999999997,6.760000000000001,4.0,1.44,1.1881000000000002,0.5041,2.7556,3.9204,3.7249,2.4336,1.5129,1.9880999999999998,2.5600000000000005,6.5536,2.4649,1.2995999999999999,0.1444,0.016900000000000002,0.0324,0.1024,0.31360000000000005,0.07840000000000001,0.0841,0.0256,0.28090000000000004,0.06760000000000001,1.3923999999999999,0.0484,0.004900000000000001,0.016900000000000002,0.16000000000000003,0.0025000000000000005,0.0016,0.0001,0.0961,0.0001,0.0036,0.004900000000000001,0.0121,0.016900000000000002
44.0,5.14,6.072,43.41,-0.67,-12.64,37.0,3.47,-0.013,40.317,-17.274,14.167,-21.2,91.061,-42.574,100.606,1.2,1.09,0.07,1.09,0.38,0.8,0.71,0.13,0.71,0.13,1.7,1.66,0.4,1.66,0.18,2.1,1.98,0.05,1.98,0.32,2.0,1.93,0.04,1.93,0.56,1.6,1.56,0.01,1.56,0.28,1.3,1.23,0.31,1.23,0.29,1.4,1.41,0.01,1.41,0.16,1.7,1.6,0.06,1.6,0.53,2.6,2.56,0.07,2.56,0.26,2.0,1.57,0.11,1.57,1.18,1.2,1.14,0.13,1.14,0.22,1.44,0.6400000000000001,2.8899999999999997,4.41,4.0,2.5600000000000005,1.6900000000000002,1.9599999999999997,2.8899999999999997,6.760000000000001,4.0,1.44,1.1881000000000002,0.5041,2.7556,3.9204,3.7249,2.4336,1.5129,1.9880999999999998,2.5600000000000005,6.5536,2.4649,1.2995999999999999,0.1444,0.016900000000000002,0.0324,0.1024,0.31360000000000005,0.07840000000000001,0.0841,0.0256,0.28090000000000004,0.06760000000000001,1.3923999999999999,0.0484,0.004900000000000001,0.016900000000000002,0.16000000000000003,0.0025000000000000005,0.0016,0.0001,0.0961,0.0001,0.0036,0.004900000000000001,0.0121,0.016900000000000002
45.0,5.1,6.108,44.31,-0.7,-13.07,36.8,3.637,-0.255,39.376,-17.545,14.027,-21.081,91.067,-43.267,100.904,1.2,1.09,0.07,1.09,0.38,0.8,0.71,0.13,0.71,0.13,1.7,1.66,0.4,1.66,0.18,2.1,1.98,0.05,1.98,0.32,2.0,1.93,0.04,1.93,0.56,1.6,1.56,0.01,1.56,0.28,1.3,1.23,0.31,1.23,0.29,1.4,1.41,0.01,1.41,0.16,1.7,1.6,0.06,1.6,0.53,2.6,2.56,0.07,2.56,0.26,2.0,1.57,0.11,1.57,1.18,1.2,1.14,0.13,1.14,0.22,1.44,0.6400000000000001,2.8899999999999997,4.41,4.0,2.5600000000000005,1.6900000000000002,1.9599999999999997,2.8899999999999997,6.760000000000001,4.0,1.44,1.1881000000000002,0.5041,2.7556,3.9204,3.7249,2.4336,1.5129,1.9880999999999998,2.5600000000000005,6.5536,2.4649,1.2995999999999999,0.1444,0.016900000000000002,0.0324,0.1024,0.31360000000000005,0.07840000000000001,0.0841,0.0256,0.28090000000000004,0.06760000000000001,1.3923999999999999,0.0484,0.004900000000000001,0.016900000000000002,0.16000000000000003,0.0025000000000000005,0.0016,0.0001,0.0961,0.0001,0.0036,0.004900000000000001,0.0121,0.016900000000000002
46.0,5.06,6.143,45.2,-0.74,-13.5,36.9,3.828,-0.496,38.728,-17.815,14.107,-20.962,91.053,-43.89,101.158,1.2,1.1,0.09,1.1,0.45,0.8,0.7,0.09,0.7,0.15,1.7,1.7,0.4,1.7,0.17,2.0,1.96,0.05,1.96,0.36,2.1,2.0,0.01,2.0,0.54,1.6,1.59,0.03,1.59,0.29,1.1,1.1,0.42,1.1,0.24,1.4,1.41,0.02,1.41,0.18,1.7,1.61,0.06,1.61,0.53,2.8,2.75,0.25,2.75,0.18,2.0,1.56,0.08,1.56,1.17,1.1,1.12,0.15,1.12,0.18,1.44,0.6400000000000001,2.8899999999999997,4.0,4.41,2.5600000000000005,1.2100000000000002,1.9599999999999997,2.8899999999999997,7.839999999999999,4.0,1.2100000000000002,1.2100000000000002,0.48999999999999994,2.8899999999999997,3.8415999999999997,4.0,2.5281000000000002,1.2100000000000002,1.9880999999999998,2.5921000000000003,7.5625,2.4336,1.2544000000000002,0.2025,0.0225,0.028900000000000006,0.1296,0.2916,0.0841,0.0576,0.0324,0.28090000000000004,0.0324,1.3688999999999998,0.0324,0.0081,0.0081,0.16000000000000003,0.0025000000000000005,0.0001,0.0009,0.17639999999999997,0.0004,0.0036,0.0625,0.0064,0.0225
47.0,5.01,6.179,46.09,-0.78,-13.94,37.2,4.038,-0.739,38.987,-18.086,14.428,-20.843,91.04,-44.515,101.418,1.2,1.1,0.09,1.1,0.45,0.8,0.7,0.09,0.7,0.15,1.7,1.7,0.4,1.7,0.17,2.0,1.96,0.05,1.96,0.36,2.1,2.0,0.01,2.0,0.54,1.6,1.59,0.03,1.59,0.29,1.1,1.1,0.42,1.1,0.24,1.4,1.41,0.02,1.41,0.18,1.7,1.61,0.06,1.61,0.53,2.8,2.75,0.25,2.75,0.18,2.0,1.56,0.08,1.56,1.17,1.1,1.12,0.15,1.12,0.18,1.44,0.6400000000000001,2.8899999999999997,4.0,4.41,2.5600000000000005,1.2100000000000002,1.9599999999999997,2.8899999999999997,7.839999999999999,4.0,1.2100000000000002,1.2100000000000002,0.48999999999999994,2.8899999999999997,3.8415999999999997,4.0,2.5281000000000002,1.2100000000000002,1.9880999999999998,2.5921000000000003,7.5625,2.4336,1.2544000000000002,0.2025,0.0225,0.028900000000000006,0.1296,0.2916,0.0841,0.0576,0.0324,0.28090000000000004,0.0324,1.3688999999999998,0.0324,0.0081,0.0081,0.16000000000000003,0.0025000000000000005,0.0001,0.0009,0.17639999999999997,0.0004,0.0036,0.0625,0.0064,0.0225
48.0,4.96,6.214,47.0,-0.81,-14.4,37.6,4.149,-0.984,39.364,-18.36,14.787,-20.723,90.966,-45.112,101.624,1.2,1.1,0.09,1.1,0.45,0.8,0.7,0.09,0.7,0.15,1.7,1.7,0.4,1.7,0.17,2.0,1.96,0.05,1.96,0.36,2.1,2.0,0.01,2.0,0.54,1.6,1.59,0.03,1.59,0.29,1.1,1.1,0.42,1.1,0.24,1.4,1.41,0.02,1.41,0.18,1.7,1.61,0.06,1.61,0.53,2.8,2.75,0.25,2.75,0.18,2.0,1.56,0.08,1.56,1.17,1.1,1.12,0.15,1.12,0.18,1.44,0.6400000000000001,2.8899999999999997,4.0,4.41,2.5600000000000005,1.2100000000000002,1.9599999999999997,2.8899999999999997,7.839999999999999,4.0,1.2100000000000002,1.2100000000000002,0.48999999999999994,2.8899999999999997,3.8415999999999997,4.0,2.5281000000000002,1.2100000000000002,1.9880999999999998,2.5921000000000003,7.5625,2.4336,1.2544000000000002,0.2025,0.0225,0.028900000000000006,0.1296,0.2916,0.0841,0.0576,0.0324,0.28090000000000004,0.0324,1.3688999999999998,0.0324,0.0081,0.0081,0.16000000000000003,0.0025000000000000005,0.0001,0.0009,0.17639999999999997,0.0004,0.0036,0.0625,0.0064,0.0225
49.0,4.91,6.25,47.91,-0.85,-14.85,37.9,4.252,-1.23,39.749,-18.635,15.148,-20.602,90.887,-45.708,101.83,1.2,1.1,0.09,1.1,0.45,0.8,0.7,0.09,0.7,0.15,1.7,1.7,0.4,1.7,0.17,2.0,1.96,0.05,1.96,0.36,2.1,2.0,0.01,2.0,0.54,1.6,1.59,0.03,1.59,0.29,1.1,1.1,0.42,1.1,0.24,1.4,1.41,0.02,1.41,0.18,1.7,1.61,0.06,1.61,0.53,2.8,2.75,0.25,2.75,0.18,2.0,1.56,0.08,1.56,1.17,1.1,1.12,0.15,1.12,0.18,1.44,0.6400000000000001,2.8899999999999997,4.0,4.41,2.5600000000000005,1.2100000000000002,1.9599999999999997,2.8899999999999997,7.839999999999999,4.0,1.2100000000000002,1.2100000000000002,0.48999999999999994,2.8899999999999997,3.8415999999999997,4.0,2.5281000000000002,1.2100000000000002,1.9880999999999998,2.5921000000000003,7.5625,2.4336,1.2544000000000002,0.2025,0.0225,0.028900000000000006,0.1296,0.2916,0.0841,0.0576,0.0324,0.28090000000000004,0.0324,1.3688999999999998,0.0324,0.0081,0.0081,0.16000000000000003,0.0025000000000000005,0.0001,0.0009,0.17639999999999997,0.0004,0.0036,0.0625,0.0064,0.0225
50.0,4.87,6.286,48.82,-0.88,-15.31,38.2,4.31,-1.476,40.133,-18.91,15.48,-20.481,90.815,-46.312,102.048,1.2,1.1,0.09,1.1,0.45,0.8,0.7,0.09,0.7,0.15,1.7,1.7,0.4,1.7,0.17,2.0,1.96,0.05,1.96,0.36,2.1,2.0,0.01,2.0,0.54,1.6,1.59,0.03,1.59,0.29,1.1,1.1,0.42,1.1,0.24,1.4,1.41,0.02,1.41,0.18,1.7,1.61,0.06,1.61,0.53,2.8,2.75,0.25,2.75,0.18,2.0,1.56,0.08,1.56,1.17,1.1,1.12,0.15,1.12,0.18,1.44,0.6400000000000001,2.8899999999999997,4.0,4.41,2.5600000000000005,1.2100000000000002,1.9599999999999997,2.8899999999999997,7.839999999999999,4.0,1.2100000000000002,1.2100000000000002,0.48999999999999994,2.8899999999999997,3.8415999999999997,4.0,2.5281000000000002,1.2100000000000002,1.9880999999999998,2.5921000000000003,7.5625,2.4336,1.2544000000000002,0.2025,0.0225,0.028900000000000006,0.1296,0.2916,0.0841,0.0576,0.0324,0.28090000000000004,0.0324,1.3688999999999998,0.0324,0.0081,0.0081,0.16000000000000003,0.0025000000000000005,0.0001,0.0009,0.17639999999999997,0.0004,0.0036,0.0625,0.0064,0.0225
51.0,4.81,6.322,49.72,-0.93,-15.78,38.4,4.111,-1.72,40.504,-19.182,15.646,-20.362,90.775,-46.966,102.319,1.2,1.1,0.09,1.1,0.45,0.8,0.7,0.09,0.7,0.15,1.7,1.7,0.4,1.7,0.17,2.0,1.96,0.05,1.96,0.36,2.1,2.0,0.01,2.0,0.54,1.6,1.59,0.03,1.59,0.29,1.1,1.1,0.42,1.1,0.24,1.4,1.41,0.02,1.41,0.18,1.7,1.61,0.06,1.61,0.53,2.8,2.75,0.25,2.75,0.18,2.0,1.56,0.08,1.56,1.17,1.1,1.12,0.15,1.12,0.18,1.44,0.6400000000000001,2.8899999999999997,4.0,4.41,2.5600000000000005,1.2100000000000002,1.9599999999999997,2.8899999999999997,7.839999999999999,4.0,1.2100000000000002,1.2100000000000002,0.48999999999999994,2.8899999999999997,3.8415999999999997,4.0,2.5281000000000002,1.2100000000000002,1.9880999999999998,2.5921000000000003,7.5625,2.4336,1.2544000000000002,0.2025,0.0225,0.028900000000000006,0.1296,0.2916,0.0841,0.0576,0.0324,0.28090000000000004,0.0324,1.3688999999999998,0.0324,0.0081,0.0081,0.16000000000000003,0.0025000000000000005,0.0001,0.0009,0.17639999999999997,0.0004,0.0036,0.0625,0.0064,0.0225
52.0,4.74,6.358,50.62,-0.97,-16.26,38.5,3.69,-1.963,40.615,-19.454,15.712,-20.242,90.784,-47.61,102.63,1.2,1.1,0.09,1.1,0.45,0.8,0.7,0.09,0.7,0.15,1.7,1.7,0.4,1.7,0.17,2.0,1.96,0.05,1.96,0.36,2.1,2.0,0.01,2.0,0.54,1.6,1.59,0.03,1.59,0.29,1.1,1.1,0.42,1.1,0.24,1.4,1.41,0.02,1.41,0.18,1.7,1.61,0.06,1.61,0.53,2.8,2.75,0.25,2.75,0.18,2.0,1.56,0.08,1.56,1.17,1.1,1.12,0.15,1.12,0.18,1.44,0.6400000000000001,2.8899999999999997,4.0,4.41,2.5600000000000005,1.2100000000000002,1.9599999999999997,2.8899999999999997,7.839999999999999,4.0,1.2100000000000002,1.2100000000000002,0.48999999999999994,2.8899999999999997,3.8415999999999997,4.0,2.5281000000000002,1.2100000000000002,1.9880999999999998,2.5921000000000003,7.5625,2.4336,1.2544000000000002,0.2025,0.0225,0.028900000000000006,0.1296,0.2916,0.0841,0.0576,0.0324,0.28090000000000004,0.0324,1.3688999999999998,0.0324,0.0081,0.0081,0.16000000000000003,0.0025000000000000005,0.0001,0.0009,0.17639999999999997,0.0004,0.0036,0.0625,0.0064,0.0225
53.0,4.68,6.393,51.51,-1.02,-16.73,38.5,3.196,-2.207,40.639,-19.727,15.744,-20.122,90.809,-48.252,102.956,1.2,1.09,0.07,1.09,0.5,0.7,0.68,0.04,0.68,0.12,2.0,1.95,0.59,1.95,0.18,2.0,1.9,0.02,1.9,0.28,2.0,1.95,0.04,1.95,0.58,1.6,1.56,0.0,1.56,0.26,1.0,0.94,0.52,0.94,0.15,1.4,1.41,0.02,1.41,0.17,1.7,1.59,0.02,1.59,0.47,2.8,2.77,0.25,2.77,0.11,2.0,1.61,0.11,1.61,1.18,1.1,1.1,0.17,1.1,0.13,1.44,0.48999999999999994,4.0,4.0,4.0,2.5600000000000005,1.0,1.9599999999999997,2.8899999999999997,7.839999999999999,4.0,1.2100000000000002,1.1881000000000002,0.4624000000000001,3.8024999999999998,3.61,3.8024999999999998,2.4336,0.8835999999999999,1.9880999999999998,2.5281000000000002,7.6729,2.5921000000000003,1.2100000000000002,0.25,0.0144,0.0324,0.07840000000000001,0.3364,0.06760000000000001,0.0225,0.028900000000000006,0.22089999999999999,0.0121,1.3923999999999999,0.016900000000000002,0.004900000000000001,0.0016,0.34809999999999997,0.0004,0.0016,0.0,0.27040000000000003,0.0004,0.0004,0.0625,0.0121,0.028900000000000006
54.0,4.62,6.429,52.41,-1.06,-17.21,38.6,2.702,-2.451,40.664,-19.999,15.775,-20.003,90.834,-48.893,103.285,1.2,1.09,0.07,1.09,0.5,0.7,0.68,0.04,0.68,0.12,2.0,1.95,0.59,1.95,0.18,2.0,1.9,0.02,1.9,0.28,2.0,1.95,0.04,1.95,0.58,1.6,1.56,0.0,1.56,0.26,1.0,0.94,0.52,0.94,0.15,1.4,1.41,0.02,1.41,0.17,1.7,1.59,0.02,1.59,0.47,2.8,2.77,0.25,2.77,0.11,2.0,1.61,0.11,1.61,1.18,1.1,1.1,0.17,1.1,0.13,1.44,0.48999999999999994,4.0,4.0,4.0,2.5600000000000005,1.0,1.9599999999999997,2.8899999999999997,7.839999999999999,4.0,1.2100000000000002,1.1881000000000002,0.4624000000000001,3.8024999999999998,3.61,3.8024999999999998,2.4336,0.8835999999999999,1.9880999999999998,2.5281000000000002,7.6729,2.5921000000000003,1.2100000000000002,0.25,0.0144,0.0324,0.07840000000000001,0.3364,0.06760000000000001,0.0225,0.028900000000000006,0.22089999999999999,0.0121,1.3923999999999999,0.016900000000000002,0.004900000000000001,0.0016,0.34809999999999997,0.0004,0.0016,0.0,0.27040000000000003,0.0004,0.0004,0.0625,0.0121,0.028900000000000006
55.0,4.56,6.464,53.3,-1.11,-17.7,38.7,1.995,-2.693,40.149,-20.269,15.902,-19.884,90.847,-49.541,103.61,1.2,1.09,0.07,1.09,0.5,0.7,0.68,0.04,0.68,0.12,2.0,1.95,0.59,1.95,0.18,2.0,1.9,0.02,1.9,0.28,2.0,1.95,0.04,1.95,0.58,1.6,1.56,0.0,1.56,0.26,1.0,0.94,0.52,0.94,0.15,1.4,1.41,0.02,1.41,0.17,1.7,1.59,0.02,1.59,0.47,2.8,2.77,0.25,2.77,0.11,2.0,1.61,0.11,1.61,1.18,1.1,1.1,0.17,1.1,0.13,1.44,0.48999999999999994,4.0,4.0,4.0,2.5600000000000005,1.0,1.9599999999999997,2.8899999999999997,7.839999999999999,4.0,1.2100000000000002,1.1881000000000002,0.4624000000000001,3.8024999999999998,3.61,3.8024999999999998,2.4336,0.8835999999999999,1.9880999999999998,2.5281000000000002,7.6729,2.5921000000000003,1.2100000000000002,0.25,0.0144,0.0324,0.07840000000000001,0.3364,0.06760000000000001,0.0225,0.028900000000000006,0.22089999999999999,0.0121,1.3923999999999999,0.016900000000000002,0.004900000000000001,0.0016,0.34809999999999997,0.0004,0.0016,0.0,0.27040000000000003,0.0004,0.0004,0.0625,0.0121,0.028900000000000006
56.0,4.49,6.5,54.19,-1.16,-18.2,39.0,1.172,-2.934,39.181,-20.539,16.155,-19.765,90.886,-50.243,103.985,1.2,1.09,0.07,1.09,0.5,0.7,0.68,0.04,0.68,0.12,2.0,1.95,0.59,1.95,0.18,2.0,1.9,0.02,1.9,0.28,2.0,1.95,0.04,1.95,0.58,1.6,1.56,0.0,1.56,0.26,1.0,0.94,0.52,0.94,0.15,1.4,1.41,0.02,1.41,0.17,1.7,1.59,0.02,1.59,0.47,2.8,2.77,0.25,2.77,0.11,2.0,1.61,0.11,1.61,1.18,1.1,1.1,0.17,1.1,0.13,1.44,0.48999999999999994,4.0,4.0,4.0,2.5600000000000005,1.0,1.9599999999999997,2.8899999999999997,7.839999999999999,4.0,1.2100000000000002,1.1881000000000002,0.4624000000000001,3.8024999999999998,3.61,3.8024999999999998,2.4336,0.8835999999999999,1.9880999999999998,2.5281000000000002,7.6729,2.5921000000000003,1.2100000000000002,0.25,0.0144,0.0324,0.07840000000000001,0.3364,0.06760000000000001,0.0225,0.028900000000000006,0.22089999999999999,0.0121,1.3923999999999999,0.016900000000000002,0.004900000000000001,0.0016,0.34809999999999997,0.0004,0.0016,0.0,0.27040000000000003,0.0004,0.0004,0.0625,0.0121,0.028900000000000006
57.0,4.42,6.535,55.08,-1.2,-18.69,39.4,0.257,-3.175,37.81,-20.808,16.523,-19.647,90.943,-50.973,104.391,1.2,1.09,0.07,1.09,0.5,0.7,0.68,0.04,0.68,0.12,2.0,1.95,0.59,1.95,0.18,2.0,1.9,0.02,1.9,0.28,2.0,1.95,0.04,1.95,0.58,1.6,1.56,0.0,1.56,0.26,1.0,0.94,0.52,0.94,0.15,1.4,1.41,0.02,1.41,0.17,1.7,1.59,0.02,1.59,0.47,2.8,2.77,0.25,2.77,0.11,2.0,1.61,0.11,1.61,1.18,1.1,1.1,0.17,1.1,0.13,1.44,0.48999999999999994,4.0,4.0,4.0,2.5600000000000005,1.0,1.9599999999999997,2.8899999999999997,7.839999999999999,4.0,1.2100000000000002,1.1881000000000002,0.4624000000000001,3.8024999999999998,3.61,3.8024999999999998,2.4336,0.8835999999999999,1.9880999999999998,2.5281000000000002,7.6729,2.5921000000000003,1.2100000000000002,0.25,0.0144,0.0324,0.07840000000000001,0.3364,0.06760000000000001,0.0225,0.028900000000000006,0.22089999999999999,0.0121,1.3923999999999999,0.016900000000000002,0.004900000000000001,0.0016,0.34809999999999997,0.0004,0.0016,0.0,0.27040000000000003,0.0004,0.0004,0.0625,0.0121,0.028900000000000006
58.0,4.35,6.57,55.96,-1.25,-19.2,39.8,-0.666,-3.414,36.194,-21.075,16.953,-19.53,90.955,-51.564,104.687,1.2,1.09,0.07,1.09,0.5,0.7,0.68,0.04,0.68,0.12,2.0,1.95,0.59,1.95,0.18,2.0,1.9,0.02,1.9,0.28,2.0,1.95,0.04,1.95,0.58,1.6,1.56,0.0,1.56,0.26,1.0,0.94,0.52,0.94,0.15,1.4,1.41,0.02,1.41,0.17,1.7,1.59,0.02,1.59,0.47,2.8,2.77,0.25,2.77,0.11,2.0,1.61,0.11,1.61,1.18,1.1,1.1,0.17,1.1,0.13,1.44,0.48999999999999994,4.0,4.0,4.0,2.5600000000000005,1.0,1.9599999999999997,2.8899999999999997,7.839999999999999,4.0,1.2100000000000002,1.1881000000000002,0.4624000000000001,3.8024999999999998,3.61,3.8024999999999998,2.4336,0.8835999999999999,1.9880999999999998,2.5281000000000002,7.6729,2.5921000000000003,1.2100000000000002,0.25,0.0144,0.0324,0.07840000000000001,0.3364,0.06760000000000001,0.0225,0.028900000000000006,0.22089999999999999,0.0121,1.3923999999999999,0.016900000000000002,0.004900000000000001,0.0016,0.34809999999999997,0.0004,0.0016,0.0,0.27040000000000003,0.0004,0.0004,0.0625,0.0121,0.028900000000000006
59.0,4.28,6.605,56.84,-1.3,-19.7,40.3,-1.592,-3.652,35.261,-21.341,17.468,-19.412,91.035,-52.154,105.049,1.2,1.09,0.07,1.09,0.5,0.7,0.68,0.04,0.68,0.12,2.0,1.95,0.59,1.95,0.18,2.0,1.9,0.02,1.9,0.28,2.0,1.95,0.04,1.95,0.58,1.6,1.56,0.0,1.56,0.26,1.0,0.94,0.52,0.94,0.15,1.4,1.41,0.02,1.41,0.17,1.7,1.59,0.02,1.59,0.47,2.8,2.77,0.25,2.77,0.11,2.0,1.61,0.11,1.61,1.18,1.1,1.1,0.17,1.1,0.13,1.44,0.48999999999999994,4.0,4.0,4.0,2.5600000000000005,1.0,1.9599999999999997,2.8899999999999997,7.839999999999999,4.0,1.2100000000000002,1.1881000000000002,0.4624000000000001,3.8024999999999998,3.61,3.8024999999999998,2.4336,0.8835999999999999,1.9880999999999998,2.5281000000000002,7.6729,2.5921000000000003,1.2100000000000002,0.25,0.0144,0.0324,0.07840000000000001,0.3364,0.06760000000000001,0.0225,0.028900000000000006,0.22089999999999999,0.0121,1.3923999999999999,0.016900000000000002,0.004900000000000001,0.0016,0.34809999999999997,0.0004,0.0016,0.0,0.27040000000000003,0.0004,0.0004,0.0625,0.0121,0.028900000000000006
60.0,4.21,6.64,57.73,-1.34,-20.21,40.9,-2.481,-3.891,34.473,-21.607,18.003,-19.295,91.147,-52.743,105.444,1.2,1.11,0.07,1.11,0.47,0.7,0.65,0.0,0.65,0.06,2.1,2.1,0.72,2.1,0.26,2.0,1.88,0.03,1.88,0.19,1.9,1.77,0.12,1.77,0.77,1.5,1.49,0.05,1.49,0.23,0.8,0.83,0.58,0.83,0.14,1.4,1.43,0.03,1.43,0.19,1.6,1.57,0.01,1.57,0.46,2.7,2.71,0.19,2.71,0.1,2.0,1.66,0.13,1.66,1.18,1.1,1.09,0.17,1.09,0.14,1.44,0.48999999999999994,4.41,4.0,3.61,2.25,0.6400000000000001,1.9599999999999997,2.5600000000000005,7.290000000000001,4.0,1.2100000000000002,1.2321000000000002,0.42250000000000004,4.41,3.5343999999999998,3.1329000000000002,2.2201,0.6889,2.0448999999999997,2.4649,7.3441,2.7556,1.1881000000000002,0.22089999999999999,0.0036,0.06760000000000001,0.0361,0.5929,0.0529,0.019600000000000003,0.0361,0.2116,0.010000000000000002,1.3923999999999999,0.019600000000000003,0.004900000000000001,0.0,0.5184,0.0009,0.0144,0.0025000000000000005,0.3364,0.0009,0.0001,0.0361,0.016900000000000002,0.028900000000000006
61.0,4.14,6.674,58.6,-1.39,-20.72,41.3,-3.252,-4.127,33.168,-21.872,18.481,-19.179,91.259,-53.329,105.847,1.2,1.11,0.07,1.11,0.47,0.7,0.65,0.0,0.65,0.06,2.1,2.1,0.72,2.1,0.26,2.0,1.88,0.03,1.88,0.19,1.9,1.77,0.12,1.77,0.77,1.5,1.49,0.05,1.49,0.23,0.8,0.83,0.58,0.83,0.14,1.4,1.43,0.03,1.43,0.19,1.6,1.57,0.01,1.57,0.46,2.7,2.71,0.19,2.71,0.1,2.0,1.66,0.13,1.66,1.18,1.1,1.09,0.17,1.09,0.14,1.44,0.48999999999999994,4.41,4.0,3.61,2.25,0.6400000000000001,1.9599999999999997,2.5600000000000005,7.290000000000001,4.0,1.2100000000000002,1.2321000000000002,0.42250000000000004,4.41,3.5343999999999998,3.1329000000000002,2.2201,0.6889,2.0448999999999997,2.4649,7.3441,2.7556,1.1881000000000002,0.22089999999999999,0.0036,0.06760000000000001,0.0361,0.5929,0.0529,0.019600000000000003,0.0361,0.2116,0.010000000000000002,1.3923999999999999,0.019600000000000003,0.004900000000000001,0.0,0.5184,0.0009,0.0144,0.0025000000000000005,0.3364,0.0009,0.0001,0.0361,0.016900000000000002,0.028900000000000006
62.0,4.06,6.709,59.48,-1.44,-21.24,41.7,-3.862,-4.363,31.539,-22.135,18.804,-19.063,91.29,-53.752,106.091,1.2,1.11,0.07,1.11,0.47,0.7,0.65,0.0,0.65,0.06,2.1,2.1,0.72,2.1,0.26,2.0,1.88,0.03,1.88,0.19,1.9,1.77,0.12,1.77,0.77,1.5,1.49,0.05,1.49,0.23,0.8,0.83,0.58,0.83,0.14,1.4,1.43,0.03,1.43,0.19,1.6,1.57,0.01,1.57,0.46,2.7,2.71,0.19,2.71,0.1,2.0,1.66,0.13,1.66,1.18,1.1,1.09,0.17,1.09,0.14,1.44,0.48999999999999994,4.41,4.0,3.61,2.25,0.6400000000000001,1.9599999999999997,2.5600000000000005,7.290000000000001,4.0,1.2100000000000002,1.2321000000000002,0.42250000000000004,4.41,3.5343999999999998,3.1329000000000002,2.2201,0.6889,2.0448999999999997,2.4649,7.3441,2.7556,1.1881000000000002,0.22089999999999999,0.0036,0.06760000000000001,0.0361,0.5929,0.0529,0.019600000000000003,0.0361,0.2116,0.010000000000000002,1.3923999999999999,0.019600000000000003,0.004900000000000001,0.0,0.5184,0.0009,0.0144,0.0025000000000000005,0.3364,0.0009,0.0001,0.0361,0.016900000000000002,0.028900000000000006
63.0,3.98,6.743,60.35,-1.5,-21.76,41.9,-4.366,-4.599,30.387,-22.399,19.033,-18.948,91.319,-54.136,106.313,1.2,1.11,0.07,1.11,0.47,0.7,0.65,0.0,0.65,0.06,2.1,2.1,0.72,2.1,0.26,2.0,1.88,0.03,1.88,0.19,1.9,1.77,0.12,1.77,0.77,1.5,1.49,0.05,1.49,0.23,0.8,0.83,0.58,0.83,0.14,1.4,1.43,0.03,1.43,0.19,1.6,1.57,0.01,1.57,0.46,2.7,2.71,0.19,2.71,0.1,2.0,1.66,0.13,1.66,1.18,1.1,1.09,0.17,1.09,0.14,1.44,0.48999999999999994,4.41,4.0,3.61,2.25,0.6400000000000001,1.9599999999999997,2.5600000000000005,7.290000000000001,4.0,1.2100000000000002,1.2321000000000002,0.42250000000000004,4.41,3.5343999999999998,3.1329000000000002,2.2201,0.6889,2.0448999999999997,2.4649,7.3441,2.7556,1.1881000000000002,0.22089999999999999,0.0036,0.06760000000000001,0.0361,0.5929,0.0529,0.019600000000000003,0.0361,0.2116,0.010000000000000002,1.3923999999999999,0.019600000000000003,0.004900000000000001,0.0,0.5184,0.0009,0.0144,0.0025000000000000005,0.3364,0.0009,0.0001,0.0361,0.016900000000000002,0.028900000000000006
64.0,3.91,6.778,61.22,-1.54,-22.29,42.0,-4.748,-4.835,30.233,-22.662,19.159,-18.832,91.381,-54.52,106.564,1.2,1.11,0.07,1.11,0.47,0.7,0.65,0.0,0.65,0.06,2.1,2.1,0.72,2.1,0.26,2.0,1.88,0.03,1.88,0.19,1.9,1.77,0.12,1.77,0.77,1.5,1.49,0.05,1.49,0.23,0.8,0.83,0.58,0.83,0.14,1.4,1.43,0.03,1.43,0.19,1.6,1.57,0.01,1.57,0.46,2.7,2.71,0.19,2.71,0.1,2.0,1.66,0.13,1.66,1.18,1.1,1.09,0.17,1.09,0.14,1.44,0.48999999999999994,4.41,4.0,3.61,2.25,0.6400000000000001,1.9599999999999997,2.5600000000000005,7.290000000000001,4.0,1.2100000000000002,1.2321000000000002,0.42250000000000004,4.41,3.5343999999999998,3.1329000000000002,2.2201,0.6889,2.0448999999999997,2.4649,7.3441,2.7556,1.1881000000000002,0.22089999999999999,0.0036,0.06760000000000001,0.0361,0.5929,0.0529,0.019600000000000003,0.0361,0.2116,0.010000000000000002,1.3923999999999999,0.019600000000000003,0.004900000000000001,0.0,0.5184,0.0009,0.0144,0.0025000000000000005,0.3364,0.0009,0.0001,0.0361,0.016900000000000002,0.028900000000000006
65.0,3.84,6.812,62.09,-1.6,-22.81,41.9,-4.93,-5.069,29.295,-22.924,19.048,-18.717,91.509,-54.947,106.894,1.2,1.11,0.07,1.11,0.47,0.7,0.65,0.0,0.65,0.06,2.1,2.1,0.72,2.1,0.26,2.0,1.88,0.03,1.88,0.19,1.9,1.77,0.12,1.77,0.77,1.5,1.49,0.05,1.49,0.23,0.8,0.83,0.58,0.83,0.14,1.4,1.43,0.03,1.43,0.19,1.6,1.57,0.01,1.57,0.46,2.7,2.71,0.19,2.71,0.1,2.0,1.66,0.13,1.66,1.18,1.1,1.09,0.17,1.09,0.14,1.44,0.48999999999999994,4.41,4.0,3.61,2.25,0.6400000000000001,1.9599999999999997,2.5600000000000005,7.290000000000001,4.0,1.2100000000000002,1.2321000000000002,0.42250000000000004,4.41,3.5343999999999998,3.1329000000000002,2.2201,0.6889,2.0448999999999997,2.4649,7.3441,2.7556,1.1881000000000002,0.22089999999999999,0.0036,0.06760000000000001,0.0361,0.5929,0.0529,0.019600000000000003,0.0361,0.2116,0.010000000000000002,1.3923999999999999,0.019600000000000003,0.004900000000000001,0.0,0.5184,0.0009,0.0144,0.0025000000000000005,0.3364,0.0009,0.0001,0.0361,0.016900000000000002,0.028900000000000006
66.0,3.77,6.846,62.96,-1.65,-23.34,41.7,-5.01,-5.302,28.797,-23.185,18.867,-18.602,91.556,-55.377,107.158,1.2,1.11,0.07,1.11,0.47,0.7,0.65,0.0,0.65,0.06,2.1,2.1,0.72,2.1,0.26,2.0,1.88,0.03,1.88,0.19,1.9,1.77,0.12,1.77,0.77,1.5,1.49,0.05,1.49,0.23,0.8,0.83,0.58,0.83,0.14,1.4,1.43,0.03,1.43,0.19,1.6,1.57,0.01,1.57,0.46,2.7,2.71,0.19,2.71,0.1,2.0,1.66,0.13,1.66,1.18,1.1,1.09,0.17,1.09,0.14,1.44,0.48999999999999994,4.41,4.0,3.61,2.25,0.6400000000000001,1.9599999999999997,2.5600000000000005,7.290000000000001,4.0,1.2100000000000002,1.2321000000000002,0.42250000000000004,4.41,3.5343999999999998,3.1329000000000002,2.2201,0.6889,2.0448999999999997,2.4649,7.3441,2.7556,1.1881000000000002,0.22089999999999999,0.0036,0.06760000000000001,0.0361,0.5929,0.0529,0.019600000000000003,0.0361,0.2116,0.010000000000000002,1.3923999999999999,0.019600000000000003,0.004900000000000001,0.0,0.5184,0.0009,0.0144,0.0025000000000000005,0.3364,0.0009,0.0001,0.0361,0.016900000000000002,0.028900000000000006
67.0,3.7,6.88,63.83,-1.7,-23.87,41.5,-4.989,-5.535,28.945,-23.445,18.629,-18.488,91.493,-55.805,107.333,1.2,1.15,0.08,1.15,0.43,0.7,0.63,0.03,0.63,0.02,2.3,2.24,0.84,2.24,0.4,2.0,1.9,0.01,1.9,0.25,1.9,1.69,0.16,1.69,0.81,1.5,1.42,0.11,1.42,0.18,0.8,0.77,0.6,0.77,0.14,1.4,1.41,0.02,1.41,0.25,1.6,1.52,0.05,1.52,0.49,2.7,2.72,0.18,2.72,0.12,2.1,1.64,0.14,1.64,1.24,1.1,1.08,0.16,1.08,0.14,1.44,0.48999999999999994,5.289999999999999,4.0,3.61,2.25,0.6400000000000001,1.9599999999999997,2.5600000000000005,7.290000000000001,4.41,1.2100000000000002,1.3224999999999998,0.39690000000000003,5.017600000000001,3.61,2.8560999999999996,2.0164,0.5929,1.9880999999999998,2.3104,7.398400000000001,2.6895999999999995,1.1664,0.18489999999999998,0.0004,0.16000000000000003,0.0625,0.6561000000000001,0.0324,0.019600000000000003,0.0625,0.24009999999999998,0.0144,1.5376,0.019600000000000003,0.0064,0.0009,0.7055999999999999,0.0001,0.0256,0.0121,0.36,0.0004,0.0025000000000000005,0.0324,0.019600000000000003,0.0256
68.0,3.63,6.914,64.69,-1.75,-24.4,41.2,-4.82,-5.768,28.831,-23.706,18.346,-18.373,91.624,-56.211,107.653,1.2,1.15,0.08,1.15,0.43,0.7,0.63,0.03,0.63,0.02,2.3,2.24,0.84,2.24,0.4,2.0,1.9,0.01,1.9,0.25,1.9,1.69,0.16,1.69,0.81,1.5,1.42,0.11,1.42,0.18,0.8,0.77,0.6,0.77,0.14,1.4,1.41,0.02,1.41,0.25,1.6,1.52,0.05,1.52,0.49,2.7,2.72,0.18,2.72,0.12,2.1,1.64,0.14,1.64,1.24,1.1,1.08,0.16,1.08,0.14,1.44,0.48999999999999994,5.289999999999999,4.0,3.61,2.25,0.6400000000000001,1.9599999999999997,2.5600000000000005,7.290000000000001,4.41,1.2100000000000002,1.3224999999999998,0.39690000000000003,5.017600000000001,3.61,2.8560999999999996,2.0164,0.5929,1.9880999999999998,2.3104,7.398400000000001,2.6895999999999995,1.1664,0.18489999999999998,0.0004,0.16000000000000003,0.0625,0.6561000000000001,0.0324,0.019600000000000003,0.0625,0.24009999999999998,0.0144,1.5376,0.019600000000000003,0.0064,0.0009,0.7055999999999999,0.0001,0.0256,0.0121,0.36,0.0004,0.0025000000000000005,0.0324,0.019600000000000003,0.0256
69.0,3.56,6.948,65.55,-1.8,-24.94,40.9,-4.595,-6.0,28.529,-23.965,18.098,-18.259,91.695,-56.638,107.939,1.2,1.15,0.08,1.15,0.43,0.7,0.63,0.03,0.63,0.02,2.3,2.24,0.84,2.24,0.4,2.0,1.9,0.01,1.9,0.25,1.9,1.69,0.16,1.69,0.81,1.5,1.42,0.11,1.42,0.18,0.8,0.77,0.6,0.77,0.14,1.4,1.41,0.02,1.41,0.25,1.6,1.52,0.05,1.52,0.49,2.7,2.72,0.18,2.72,0.12,2.1,1.64,0.14,1.64,1.24,1.1,1.08,0.16,1.08,0.14,1.44,0.48999999999999994,5.289999999999999,4.0,3.61,2.25,0.6400000000000001,1.9599999999999997,2.5600000000000005,7.290000000000001,4.41,1.2100000000000002,1.3224999999999998,0.39690000000000003,5.017600000000001,3.61,2.8560999999999996,2.0164,0.5929,1.9880999999999998,2.3104,7.398400000000001,2.6895999999999995,1.1664,0.18489999999999998,0.0004,0.16000000000000003,0.0625,0.6561000000000001,0.0324,0.019600000000000003,0.0625,0.24009999999999998,0.0144,1.5376,0.019600000000000003,0.0064,0.0009,0.7055999999999999,0.0001,0.0256,0.0121,0.36,0.0004,0.0025000000000000005,0.0324,0.019600000000000003,0.0256
70.0,3.5,6.982,66.42,-1.85,-25.47,40.6,-4.321,-6.231,28.075,-24.222,17.887,-18.146,91.707,-57.083,108.188,1.2,1.15,0.08,1.15,0.43,0.7,0.63,0.03,0.63,0.02,2.3,2.24,0.84,2.24,0.4,2.0,1.9,0.01,1.9,0.25,1.9,1.69,0.16,1.69,0.81,1.5,1.42,0.11,1.42,0.18,0.8,0.77,0.6,0.77,0.14,1.4,1.41,0.02,1.41,0.25,1.6,1.52,0.05,1.52,0.49,2.7,2.72,0.18,2.72,0.12,2.1,1.64,0.14,1.64,1.24,1.1,1.08,0.16,1.08,0.14,1.44,0.48999999999999994,5.289999999999999,4.0,3.61,2.25,0.6400000000000001,1.9599999999999997,2.5600000000000005,7.290000000000001,4.41,1.2100000000000002,1.3224999999999998,0.39690000000000003,5.017600000000001,3.61,2.8560999999999996,2.0164,0.5929,1.9880999999999998,2.3104,7.398400000000001,2.6895999999999995,1.1664,0.18489999999999998,0.0004,0.16000000000000003,0.0625,0.6561000000000001,0.0324,0.019600000000000003,0.0625,0.24009999999999998,0.0144,1.5376,0.019600000000000003,0.0064,0.0009,0.7055999999999999,0.0001,0.0256,0.0121,0.36,0.0004,0.0025000000000000005,0.0324,0.019600000000000003,0.0256
71.0,3.49,7.015,67.3,-1.89,-25.97,37.2,-4.027,-6.456,28.263,-24.474,17.778,-18.035,91.733,-57.426,108.359,1.2,1.15,0.08,1.15,0.43,0.7,0.63,0.03,0.63,0.02,2.3,2.24,0.84,2.24,0.4,2.0,1.9,0.01,1.9,0.25,1.9,1.69,0.16,1.69,0.81,1.5,1.42,0.11,1.42,0.18,0.8,0.77,0.6,0.77,0.14,1.4,1.41,0.02,1.41,0.25,1.6,1.52,0.05,1.52,0.49,2.7,2.72,0.18,2.72,0.12,2.1,1.64,0.14,1.64,1.24,1.1,1.08,0.16,1.08,0.14,1.44,0.48999999999999994,5.289999999999999,4.0,3.61,2.25,0.6400000000000001,1.9599999999999997,2.5600000000000005,7.290000000000001,4.41,1.2100000000000002,1.3224999999999998,0.39690000000000003,5.017600000000001,3.61,2.8560999999999996,2.0164,0.5929,1.9880999999999998,2.3104,7.398400000000001,2.6895999999999995,1.1664,0.18489999999999998,0.0004,0.16000000000000003,0.0625,0.6561000000000001,0.0324,0.019600000000000003,0.0625,0.24009999999999998,0.0144,1.5376,0.019600000000000003,0.0064,0.0009,0.7055999999999999,0.0001,0.0256,0.0121,0.36,0.0004,0.0025000000000000005,0.0324,0.019600000000000003,0.0256
72.0,3.46,7.048,68.17,-1.94,-26.48,35.8,-3.774,-6.573,28.654,-24.551,17.761,-18.153,91.716,-57.79,108.527,1.2,1.15,0.08,1.15,0.43,0.7,0.63,0.03,0.63,0.02,2.3,2.24,0.84,2.24,0.4,2.0,1.9,0.01,1.9,0.25,1.9,1.69,0.16,1.69,0.81,1.5,1.42,0.11,1.42,0.18,0.8,0.77,0.6,0.77,0.14,1.4,1.41,0.02,1.41,0.25,1.6,1.52,0.05,1.52,0.49,2.7,2.72,0.18,2.72,0.12,2.1,1.64,0.14,1.64,1.24,1.1,1.08,0.16,1.08,0.14,1.44,0.48999999999999994,5.289999999999999,4.0,3.61,2.25,0.6400000000000001,1.9599999999999997,2.5600000000000005,7.290000000000001,4.41,1.2100000000000002,1.3224999999999998,0.39690000000000003,5.017600000000001,3.61,2.8560999999999996,2.0164,0.5929,1.9880999999999998,2.3104,7.398400000000001,2.6895999999999995,1.1664,0.18489999999999998,0.0004,0.16000000000000003,0.0625,0.6561000000000001,0.0324,0.019600000000000003,0.0625,0.24009999999999998,0.0144,1.5376,0.019600000000000003,0.0064,0.0009,0.7055999999999999,0.0001,0.0256,0.0121,0.36,0.0004,0.0025000000000000005,0.0324,0.019600000000000003,0.0256
73.0,3.4,7.082,69.03,-1.99,-27.03,36.2,-3.566,-6.59,29.219,-24.484,17.832,-18.486,91.662,-58.173,108.693,1.2,1.15,0.08,1.15,0.43,0.7,0.63,0.03,0.63,0.02,2.3,2.24,0.84,2.24,0.4,2.0,1.9,0.01,1.9,0.25,1.9,1.69,0.16,1.69,0.81,1.5,1.42,0.11,1.42,0.18,0.8,0.77,0.6,0.77,0.14,1.4,1.41,0.02,1.41,0.25,1.6,1.52,0.05,1.52,0.49,2.7,2.72,0.18,2.72,0.12,2.1,1.64,0.14,1.64,1.24,1.1,1.08,0.16,1.08,0.14,1.44,0.48999999999999994,5.289999999999999,4.0,3.61,2.25,0.6400000000000001,1.9599999999999997,2.5600000000000005,7.290000000000001,4.41,1.2100000000000002,1.3224999999999998,0.39690000000000003,5.017600000000001,3.61,2.8560999999999996,2.0164,0.5929,1.9880999999999998,2.3104,7.398400000000001,2.6895999999999995,1.1664,0.18489999999999998,0.0004,0.16000000000000003,0.0625,0.6561000000000001,0.0324,0.019600000000000003,0.0625,0.24009999999999998,0.0144,1.5376,0.019600000000000003,0.0064,0.0009,0.7055999999999999,0.0001,0.0256,0.0121,0.36,0.0004,0.0025000000000000005,0.0324,0.019600000000000003,0.0256
74.0,3.34,7.116,69.88,-2.04,-27.57,36.6,-3.602,-6.648,29.263,-25.061,18.075,-18.897,91.752,-58.542,108.967,1.2,1.15,0.08,1.15,0.43,0.7,0.63,0.03,0.63,0.02,2.3,2.24,0.84,2.24,0.4,2.0,1.9,0.01,1.9,0.25,1.9,1.69,0.16,1.69,0.81,1.5,1.42,0.11,1.42,0.18,0.8,0.77,0.6,0.77,0.14,1.4,1.41,0.02,1.41,0.25,1.6,1.52,0.05,1.52,0.49,2.7,2.72,0.18,2.72,0.12,2.1,1.64,0.14,1.64,1.24,1.1,1.08,0.16,1.08,0.14,1.44,0.48999999999999994,5.289999999999999,4.0,3.61,2.25,0.6400000000000001,1.9599999999999997,2.5600000000000005,7.290000000000001,4.41,1.2100000000000002,1.3224999999999998,0.39690000000000003,5.017600000000001,3.61,2.8560999999999996,2.0164,0.5929,1.9880999999999998,2.3104,7.398400000000001,2.6895999999999995,1.1664,0.18489999999999998,0.0004,0.16000000000000003,0.0625,0.6561000000000001,0.0324,0.019600000000000003,0.0625,0.24009999999999998,0.0144,1.5376,0.019600000000000003,0.0064,0.0009,0.7055999999999999,0.0001,0.0256,0.0121,0.36,0.0004,0.0025000000000000005,0.0324,0.019600000000000003,0.0256
75.0,3.29,7.149,70.74,-2.09,-28.12,37.0,-3.638,-6.711,29.307,-25.696,18.317,-19.177,91.796,-58.825,109.154,1.3,1.19,0.1,1.19,0.38,0.6,0.6,0.06,0.6,0.07,2.3,2.22,0.8,2.22,0.39,2.0,1.9,0.05,1.9,0.41,1.9,1.83,0.1,1.83,0.63,1.4,1.31,0.2,1.31,0.18,0.7,0.72,0.61,0.72,0.15,1.4,1.41,0.02,1.41,0.29,1.5,1.45,0.11,1.45,0.49,2.7,2.72,0.18,2.72,0.19,2.0,1.6,0.1,1.6,1.25,1.1,1.1,0.13,1.1,0.16,1.6900000000000002,0.36,5.289999999999999,4.0,3.61,1.9599999999999997,0.48999999999999994,1.9599999999999997,2.25,7.290000000000001,4.0,1.2100000000000002,1.4161,0.36,4.928400000000001,3.61,3.3489000000000004,1.7161000000000002,0.5184,1.9880999999999998,2.1025,7.398400000000001,2.5600000000000005,1.2100000000000002,0.1444,0.004900000000000001,0.1521,0.16809999999999997,0.39690000000000003,0.0324,0.0225,0.0841,0.24009999999999998,0.0361,1.5625,0.0256,0.010000000000000002,0.0036,0.6400000000000001,0.0025000000000000005,0.010000000000000002,0.04000000000000001,0.3721,0.0004,0.0121,0.0324,0.010000000000000002,0.016900000000000002
76.0,3.23,7.183,71.59,-2.14,-28.67,37.5,-3.676,-6.779,29.385,-26.38,18.554,-19.345,91.808,-59.051,109.281,1.3,1.19,0.1,1.19,0.38,0.6,0.6,0.06,0.6,0.07,2.3,2.22,0.8,2.22,0.39,2.0,1.9,0.05,1.9,0.41,1.9,1.83,0.1,1.83,0.63,1.4,1.31,0.2,1.31,0.18,0.7,0.72,0.61,0.72,0.15,1.4,1.41,0.02,1.41,0.29,1.5,1.45,0.11,1.45,0.49,2.7,2.72,0.18,2.72,0.19,2.0,1.6,0.1,1.6,1.25,1.1,1.1,0.13,1.1,0.16,1.6900000000000002,0.36,5.289999999999999,4.0,3.61,1.9599999999999997,0.48999999999999994,1.9599999999999997,2.25,7.290000000000001,4.0,1.2100000000000002,1.4161,0.36,4.928400000000001,3.61,3.3489000000000004,1.7161000000000002,0.5184,1.9880999999999998,2.1025,7.398400000000001,2.5600000000000005,1.2100000000000002,0.1444,0.004900000000000001,0.1521,0.16809999999999997,0.39690000000000003,0.0324,0.0225,0.0841,0.24009999999999998,0.0361,1.5625,0.0256,0.010000000000000002,0.0036,0.6400000000000001,0.0025000000000000005,0.010000000000000002,0.04000000000000001,0.3721,0.0004,0.0121,0.0324,0.010000000000000002,0.016900000000000002
77.0,3.18,7.216,72.44,-2.19,-29.22,37.6,-3.76,-6.846,30.172,-27.062,18.717,-19.512,91.964,-59.614,109.72,1.3,1.19,0.1,1.19,0.38,0.6,0.6,0.06,0.6,0.07,2.3,2.22,0.8,2.22,0.39,2.0,1.9,0.05,1.9,0.41,1.9,1.83,0.1,1.83,0.63,1.4,1.31,0.2,1.31,0.18,0.7,0.72,0.61,0.72,0.15,1.4,1.41,0.02,1.41,0.29,1.5,1.45,0.11,1.45,0.49,2.7,2.72,0.18,2.72,0.19,2.0,1.6,0.1,1.6,1.25,1.1,1.1,0.13,1.1,0.16,1.6900000000000002,0.36,5.289999999999999,4.0,3.61,1.9599999999999997,0.48999999999999994,1.9599999999999997,2.25,7.290000000000001,4.0,1.2100000000000002,1.4161,0.36,4.928400000000001,3.61,3.3489000000000004,1.7161000000000002,0.5184,1.9880999999999998,2.1025,7.398400000000001,2.5600000000000005,1.2100000000000002,0.1444,0.004900000000000001,0.1521,0.16809999999999997,0.39690000000000003,0.0324,0.0225,0.0841,0.24009999999999998,0.0361,1.5625,0.0256,0.010000000000000002,0.0036,0.6400000000000001,0.0025000000000000005,0.010000000000000002,0.04000000000000001,0.3721,0.0004,0.0121,0.0324,0.010000000000000002,0.016900000000000002
78.0,3.13,7.249,73.29,-2.24,-29.77,37.9,-3.878,-6.914,29.975,-27.742,18.748,-19.679,92.047,-59.896,109.949,1.3,1.19,0.1,1.19,0.38,0.6,0.6,0.06,0.6,0.07,2.3,2.22,0.8,2.22,0.39,2.0,1.9,0.05,1.9,0.41,1.9,1.83,0.1,1.83,0.63,1.4,1.31,0.2,1.31,0.18,0.7,0.72,0.61,0.72,0.15,1.4,1.41,0.02,1.41,0.29,1.5,1.45,0.11,1.45,0.49,2.7,2.72,0.18,2.72,0.19,2.0,1.6,0.1,1.6,1.25,1.1,1.1,0.13,1.1,0.16,1.6900000000000002,0.36,5.289999999999999,4.0,3.61,1.9599999999999997,0.48999999999999994,1.9599999999999997,2.25,7.290000000000001,4.0,1.2100000000000002,1.4161,0.36,4.928400000000001,3.61,3.3489000000000004,1.7161000000000002,0.5184,1.9880999999999998,2.1025,7.398400000000001,2.5600000000000005,1.2100000000000002,0.1444,0.004900000000000001,0.1521,0.16809999999999997,0.39690000000000003,0.0324,0.0225,0.0841,0.24009999999999998,0.0361,1.5625,0.0256,0.010000000000000002,0.0036,0.6400000000000001,0.0025000000000000005,0.010000000000000002,0.04000000000000001,0.3721,0.0004,0.0121,0.0324,0.010000000000000002,0.016900000000000002
79.0,3.09,7.282,74.14,-2.29,-30.32,38.3,-4.02,-6.984,29.026,-28.398,18.663,-19.837,92.072,-59.955,110.009,1.3,1.19,0.1,1.19,0.38,0.6,0.6,0.06,0.6,0.07,2.3,2.22,0.8,2.22,0.39,2.0,1.9,0.05,1.9,0.41,1.9,1.83,0.1,1.83,0.63,1.4,1.31,0.2,1.31,0.18,0.7,0.72,0.61,0.72,0.15,1.4,1.41,0.02,1.41,0.29,1.5,1.45,0.11,1.45,0.49,2.7,2.72,0.18,2.72,0.19,2.0,1.6,0.1,1.6,1.25,1.1,1.1,0.13,1.1,0.16,1.6900000000000002,0.36,5.289999999999999,4.0,3.61,1.9599999999999997,0.48999999999999994,1.9599999999999997,2.25,7.290000000000001,4.0,1.2100000000000002,1.4161,0.36,4.928400000000001,3.61,3.3489000000000004,1.7161000000000002,0.5184,1.9880999999999998,2.1025,7.398400000000001,2.5600000000000005,1.2100000000000002,0.1444,0.004900000000000001,0.1521,0.16809999999999997,0.39690000000000003,0.0324,0.0225,0.0841,0.24009999999999998,0.0361,1.5625,0.0256,0.010000000000000002,0.0036,0.6400000000000001,0.0025000000000000005,0.010000000000000002,0.04000000000000001,0.3721,0.0004,0.0121,0.0324,0.010000000000000002,0.016900000000000002
80.0,3.04,7.315,74.98,-2.33,-30.87,38.1,-4.031,-7.135,29.771,-28.455,18.422,-19.754,92.131,-60.3,110.246,1.3,1.19,0.1,1.19,0.38,0.6,0.6,0.06,0.6,0.07,2.3,2.22,0.8,2.22,0.39,2.0,1.9,0.05,1.9,0.41,1.9,1.83,0.1,1.83,0.63,1.4,1.31,0.2,1.31,0.18,0.7,0.72,0.61,0.72,0.15,1.4,1.41,0.02,1.41,0.29,1.5,1.45,0.11,1.45,0.49,2.7,2.72,0.18,2.72,0.19,2.0,1.6,0.1,1.6,1.25,1.1,1.1,0.13,1.1,0.16,1.6900000000000002,0.36,5.289999999999999,4.0,3.61,1.9599999999999997,0.48999999999999994,1.9599999999999997,2.25,7.290000000000001,4.0,1.2100000000000002,1.4161,0.36,4.928400000000001,3.61,3.3489000000000004,1.7161000000000002,0.5184,1.9880999999999998,2.1025,7.398400000000001,2.5600000000000005,1.2100000000000002,0.1444,0.004900000000000001,0.1521,0.16809999999999997,0.39690000000000003,0.0324,0.0225,0.0841,0.24009999999999998,0.0361,1.5625,0.0256,0.010000000000000002,0.0036,0.6400000000000001,0.0025000000000000005,0.010000000000000002,0.04000000000000001,0.3721,0.0004,0.0121,0.0324,0.010000000000000002,0.016900000000000002
81.0,2.99,7.348,75.83,-2.39,-31.43,37.8,-4.125,-7.286,29.713,-28.513,18.153,-19.672,92.227,-60.645,110.518,1.3,1.19,0.1,1.19,0.38,0.6,0.6,0.06,0.6,0.07,2.3,2.22,0.8,2.22,0.39,2.0,1.9,0.05,1.9,0.41,1.9,1.83,0.1,1.83,0.63,1.4,1.31,0.2,1.31,0.18,0.7,0.72,0.61,0.72,0.15,1.4,1.41,0.02,1.41,0.29,1.5,1.45,0.11,1.45,0.49,2.7,2.72,0.18,2.72,0.19,2.0,1.6,0.1,1.6,1.25,1.1,1.1,0.13,1.1,0.16,1.6900000000000002,0.36,5.289999999999999,4.0,3.61,1.9599999999999997,0.48999999999999994,1.9599999999999997,2.25,7.290000000000001,4.0,1.2100000000000002,1.4161,0.36,4.928400000000001,3.61,3.3489000000000004,1.7161000000000002,0.5184,1.9880999999999998,2.1025,7.398400000000001,2.5600000000000005,1.2100000000000002,0.1444,0.004900000000000001,0.1521,0.16809999999999997,0.39690000000000003,0.0324,0.0225,0.0841,0.24009999999999998,0.0361,1.5625,0.0256,0.010000000000000002,0.0036,0.6400000000000001,0.0025000000000000005,0.010000000000000002,0.04000000000000001,0.3721,0.0004,0.0121,0.0324,0.010000000000000002,0.016900000000000002
82.0,2.94,7.381,76.67,-2.44,-32.0,37.5,-4.294,-7.437,28.949,-28.571,17.861,-19.589,92.355,-60.987,110.819,1.3,1.19,0.1,1.19,0.38,0.6,0.61,0.05,0.61,0.1,2.3,2.22,0.8,2.22,0.39,2.0,1.91,0.05,1.91,0.49,1.9,1.83,0.1,1.83,0.63,1.4,1.31,0.2,1.31,0.18,0.7,0.72,0.61,0.72,0.15,1.4,1.41,0.02,1.41,0.29,1.5,1.45,0.11,1.45,0.49,2.7,2.72,0.18,2.72,0.19,2.0,1.6,0.1,1.6,1.25,1.2,1.17,0.04,1.17,0.28,1.6900000000000002,0.36,5.289999999999999,4.0,3.61,1.9599999999999997,0.48999999999999994,1.9599999999999997,2.25,7.290000000000001,4.0,1.44,1.4161,0.3721,4.928400000000001,3.6481,3.3489000000000004,1.7161000000000002,0.5184,1.9880999999999998,2.1025,7.398400000000001,2.5600000000000005,1.3688999999999998,0.1444,0.010000000000000002,0.1521,0.24009999999999998,0.39690000000000003,0.0324,0.0225,0.0841,0.24009999999999998,0.0361,1.5625,0.07840000000000001,0.010000000000000002,0.0025000000000000005,0.6400000000000001,0.0025000000000000005,0.010000000000000002,0.04000000000000001,0.3721,0.0004,0.0121,0.0324,0.010000000000000002,0.0016
83.0,2.91,7.414,77.51,-2.49,-32.55,37.3,-4.542,-7.588,29.301,-28.628,17.617,-19.507,92.319,-61.188,110.897,1.3,1.19,0.1,1.19,0.38,0.6,0.61,0.05,0.61,0.1,2.3,2.22,0.8,2.22,0.39,2.0,1.91,0.05,1.91,0.49,1.9,1.83,0.1,1.83,0.63,1.4,1.31,0.2,1.31,0.18,0.7,0.72,0.61,0.72,0.15,1.4,1.41,0.02,1.41,0.29,1.5,1.45,0.11,1.45,0.49,2.7,2.72,0.18,2.72,0.19,2.0,1.6,0.1,1.6,1.25,1.2,1.17,0.04,1.17,0.28,1.6900000000000002,0.36,5.289999999999999,4.0,3.61,1.9599999999999997,0.48999999999999994,1.9599999999999997,2.25,7.290000000000001,4.0,1.44,1.4161,0.3721,4.928400000000001,3.6481,3.3489000000000004,1.7161000000000002,0.5184,1.9880999999999998,2.1025,7.398400000000001,2.5600000000000005,1.3688999999999998,0.1444,0.010000000000000002,0.1521,0.24009999999999998,0.39690000000000003,0.0324,0.0225,0.0841,0.24009999999999998,0.0361,1.5625,0.07840000000000001,0.010000000000000002,0.0025000000000000005,0.6400000000000001,0.0025000000000000005,0.010000000000000002,0.04000000000000001,0.3721,0.0004,0.0121,0.0324,0.010000000000000002,0.0016
84.0,2.88,7.447,78.35,-2.54,-33.11,37.0,-4.843,-7.738,29.332,-28.686,17.361,-19.425,92.352,-61.528,111.11,1.3,1.19,0.1,1.19,0.38,0.6,0.61,0.05,0.61,0.1,2.3,2.22,0.8,2.22,0.39,2.0,1.91,0.05,1.91,0.49,1.9,1.83,0.1,1.83,0.63,1.4,1.31,0.2,1.31,0.18,0.7,0.72,0.61,0.72,0.15,1.4,1.41,0.02,1.41,0.29,1.5,1.45,0.11,1.45,0.49,2.7,2.72,0.18,2.72,0.19,2.0,1.6,0.1,1.6,1.25,1.2,1.17,0.04,1.17,0.28,1.6900000000000002,0.36,5.289999999999999,4.0,3.61,1.9599999999999997,0.48999999999999994,1.9599999999999997,2.25,7.290000000000001,4.0,1.44,1.4161,0.3721,4.928400000000001,3.6481,3.3489000000000004,1.7161000000000002,0.5184,1.9880999999999998,2.1025,7.398400000000001,2.5600000000000005,1.3688999999999998,0.1444,0.010000000000000002,0.1521,0.24009999999999998,0.39690000000000003,0.0324,0.0225,0.0841,0.24009999999999998,0.0361,1.5625,0.07840000000000001,0.010000000000000002,0.0025000000000000005,0.6400000000000001,0.0025000000000000005,0.010000000000000002,0.04000000000000001,0.3721,0.0004,0.0121,0.0324,0.010000000000000002,0.0016
85.0,2.84,7.48,79.19,-2.6,-33.67,36.7,-5.198,-7.887,29.032,-28.743,17.094,-19.344,92.458,-62.01,111.463,1.3,1.19,0.1,1.19,0.38,0.6,0.61,0.05,0.61,0.1,2.3,2.22,0.8,2.22,0.39,2.0,1.91,0.05,1.91,0.49,1.9,1.83,0.1,1.83,0.63,1.4,1.31,0.2,1.31,0.18,0.7,0.72,0.61,0.72,0.15,1.4,1.41,0.02,1.41,0.29,1.5,1.45,0.11,1.45,0.49,2.7,2.72,0.18,2.72,0.19,2.0,1.6,0.1,1.6,1.25,1.2,1.17,0.04,1.17,0.28,1.6900000000000002,0.36,5.289999999999999,4.0,3.61,1.9599999999999997,0.48999999999999994,1.9599999999999997,2.25,7.290000000000001,4.0,1.44,1.4161,0.3721,4.928400000000001,3.6481,3.3489000000000004,1.7161000000000002,0.5184,1.9880999999999998,2.1025,7.398400000000001,2.5600000000000005,1.3688999999999998,0.1444,0.010000000000000002,0.1521,0.24009999999999998,0.39690000000000003,0.0324,0.0225,0.0841,0.24009999999999998,0.0361,1.5625,0.07840000000000001,0.010000000000000002,0.0025000000000000005,0.6400000000000001,0.0025000000000000005,0.010000000000000002,0.04000000000000001,0.3721,0.0004,0.0121,0.0324,0.010000000000000002,0.0016
86.0,2.81,7.512,80.03,-2.65,-34.24,36.5,-5.565,-8.036,29.628,-28.8,16.91,-19.262,92.517,-62.174,111.602,1.3,1.19,0.1,1.19,0.38,0.6,0.61,0.05,0.61,0.1,2.3,2.22,0.8,2.22,0.39,2.0,1.91,0.05,1.91,0.49,1.9,1.83,0.1,1.83,0.63,1.4,1.31,0.2,1.31,0.18,0.7,0.72,0.61,0.72,0.15,1.4,1.41,0.02,1.41,0.29,1.5,1.45,0.11,1.45,0.49,2.7,2.72,0.18,2.72,0.19,2.0,1.6,0.1,1.6,1.25,1.2,1.17,0.04,1.17,0.28,1.6900000000000002,0.36,5.289999999999999,4.0,3.61,1.9599999999999997,0.48999999999999994,1.9599999999999997,2.25,7.290000000000001,4.0,1.44,1.4161,0.3721,4.928400000000001,3.6481,3.3489000000000004,1.7161000000000002,0.5184,1.9880999999999998,2.1025,7.398400000000001,2.5600000000000005,1.3688999999999998,0.1444,0.010000000000000002,0.1521,0.24009999999999998,0.39690000000000003,0.0324,0.0225,0.0841,0.24009999999999998,0.0361,1.5625,0.07840000000000001,0.010000000000000002,0.0025000000000000005,0.6400000000000001,0.0025000000000000005,0.010000000000000002,0.04000000000000001,0.3721,0.0004,0.0121,0.0324,0.010000000000000002,0.0016
87.0,2.78,7.545,80.87,-2.69,-34.8,36.4,-5.981,-8.186,29.898,-28.857,16.771,-19.181,92.596,-62.468,111.825,1.3,1.19,0.1,1.19,0.38,0.6,0.61,0.05,0.61,0.1,2.3,2.22,0.8,2.22,0.39,2.0,1.91,0.05,1.91,0.49,1.9,1.83,0.1,1.83,0.63,1.4,1.31,0.2,1.31,0.18,0.7,0.72,0.61,0.72,0.15,1.4,1.41,0.02,1.41,0.29,1.5,1.45,0.11,1.45,0.49,2.7,2.72,0.18,2.72,0.19,2.0,1.6,0.1,1.6,1.25,1.2,1.17,0.04,1.17,0.28,1.6900000000000002,0.36,5.289999999999999,4.0,3.61,1.9599999999999997,0.48999999999999994,1.9599999999999997,2.25,7.290000000000001,4.0,1.44,1.4161,0.3721,4.928400000000001,3.6481,3.3489000000000004,1.7161000000000002,0.5184,1.9880999999999998,2.1025,7.398400000000001,2.5600000000000005,1.3688999999999998,0.1444,0.010000000000000002,0.1521,0.24009999999999998,0.39690000000000003,0.0324,0.0225,0.0841,0.24009999999999998,0.0361,1.5625,0.07840000000000001,0.010000000000000002,0.0025000000000000005,0.6400000000000001,0.0025000000000000005,0.010000000000000002,0.04000000000000001,0.3721,0.0004,0.0121,0.0324,0.010000000000000002,0.0016
88.0,2.76,7.578,81.7,-2.74,-35.37,36.3,-6.463,-8.335,29.693,-28.914,16.687,-19.099,92.701,-62.95,112.172,1.3,1.19,0.1,1.19,0.38,0.6,0.61,0.05,0.61,0.1,2.3,2.22,0.8,2.22,0.39,2.0,1.91,0.05,1.91,0.49,1.9,1.83,0.1,1.83,0.63,1.4,1.31,0.2,1.31,0.18,0.7,0.72,0.61,0.72,0.15,1.4,1.41,0.02,1.41,0.29,1.5,1.45,0.11,1.45,0.49,2.7,2.72,0.18,2.72,0.19,2.0,1.6,0.1,1.6,1.25,1.2,1.17,0.04,1.17,0.28,1.6900000000000002,0.36,5.289999999999999,4.0,3.61,1.9599999999999997,0.48999999999999994,1.9599999999999997,2.25,7.290000000000001,4.0,1.44,1.4161,0.3721,4.928400000000001,3.6481,3.3489000000000004,1.7161000000000002,0.5184,1.9880999999999998,2.1025,7.398400000000001,2.5600000000000005,1.3688999999999998,0.1444,0.010000000000000002,0.1521,0.24009999999999998,0.39690000000000003,0.0324,0.0225,0.0841,0.24009999999999998,0.0361,1.5625,0.07840000000000001,0.010000000000000002,0.0025000000000000005,0.6400000000000001,0.0025000000000000005,0.010000000000000002,0.04000000000000001,0.3721,0.0004,0.0121,0.0324,0.010000000000000002,0.0016
89.0,2.74,7.61,82.54,-2.79,-35.94,36.2,-6.681,-8.483,31.312,-28.971,16.588,-19.019,92.721,-63.049,112.259,1.3,1.19,0.1,1.19,0.38,0.6,0.61,0.05,0.61,0.1,2.3,2.22,0.8,2.22,0.39,2.0,1.91,0.05,1.91,0.49,1.9,1.83,0.1,1.83,0.63,1.4,1.31,0.2,1.31,0.18,0.7,0.72,0.61,0.72,0.15,1.4,1.41,0.02,1.41,0.29,1.5,1.45,0.11,1.45,0.49,2.7,2.72,0.18,2.72,0.19,2.0,1.6,0.1,1.6,1.25,1.2,1.17,0.04,1.17,0.28,1.6900000000000002,0.36,5.289999999999999,4.0,3.61,1.9599999999999997,0.48999999999999994,1.9599999999999997,2.25,7.290000000000001,4.0,1.44,1.4161,0.3721,4.928400000000001,3.6481,3.3489000000000004,1.7161000000000002,0.5184,1.9880999999999998,2.1025,7.398400000000001,2.5600000000000005,1.3688999999999998,0.1444,0.010000000000000002,0.1521,0.24009999999999998,0.39690000000000003,0.0324,0.0225,0.0841,0.24009999999999998,0.0361,1.5625,0.07840000000000001,0.010000000000000002,0.0025000000000000005,0.6400000000000001,0.0025000000000000005,0.010000000000000002,0.04000000000000001,0.3721,0.0004,0.0121,0.0324,0.010000000000000002,0.0016
90.0,2.72,7.643,83.37,-2.84,-36.51,36.0,-6.87,-8.631,32.286,-29.027,16.465,-18.938,92.774,-63.273,112.441,1.3,1.28,0.18,1.28,0.32,0.6,0.58,0.08,0.58,0.08,2.4,2.24,0.71,2.24,0.07,2.1,1.91,0.07,1.91,0.59,1.9,1.8,0.09,1.8,0.69,1.4,1.29,0.17,1.29,0.28,0.7,0.63,0.66,0.63,0.16,1.5,1.41,0.03,1.41,0.31,1.5,1.34,0.16,1.34,0.62,2.7,2.66,0.12,2.66,0.2,1.9,1.45,0.06,1.45,1.19,1.3,1.26,0.07,1.26,0.37,1.6900000000000002,0.36,5.76,4.41,3.61,1.9599999999999997,0.48999999999999994,2.25,2.25,7.290000000000001,3.61,1.6900000000000002,1.6384,0.3364,5.017600000000001,3.6481,3.24,1.6641000000000001,0.39690000000000003,1.9880999999999998,1.7956000000000003,7.0756000000000006,2.1025,1.5876000000000001,0.1024,0.0064,0.004900000000000001,0.34809999999999997,0.4760999999999999,0.07840000000000001,0.0256,0.0961,0.3844,0.04000000000000001,1.4161,0.1369,0.0324,0.0064,0.5041,0.004900000000000001,0.0081,0.028900000000000006,0.43560000000000004,0.0009,0.0256,0.0144,0.0036,0.004900000000000001
91.0,2.7,7.675,84.2,-2.9,-37.08,35.9,-7.055,-8.778,31.741,-29.084,16.302,-18.858,92.901,-63.794,112.841,1.3,1.28,0.18,1.28,0.32,0.6,0.58,0.08,0.58,0.08,2.4,2.24,0.71,2.24,0.07,2.1,1.91,0.07,1.91,0.59,1.9,1.8,0.09,1.8,0.69,1.4,1.29,0.17,1.29,0.28,0.7,0.63,0.66,0.63,0.16,1.5,1.41,0.03,1.41,0.31,1.5,1.34,0.16,1.34,0.62,2.7,2.66,0.12,2.66,0.2,1.9,1.45,0.06,1.45,1.19,1.3,1.26,0.07,1.26,0.37,1.6900000000000002,0.36,5.76,4.41,3.61,1.9599999999999997,0.48999999999999994,2.25,2.25,7.290000000000001,3.61,1.6900000000000002,1.6384,0.3364,5.017600000000001,3.6481,3.24,1.6641000000000001,0.39690000000000003,1.9880999999999998,1.7956000000000003,7.0756000000000006,2.1025,1.5876000000000001,0.1024,0.0064,0.004900000000000001,0.34809999999999997,0.4760999999999999,0.07840000000000001,0.0256,0.0961,0.3844,0.04000000000000001,1.4161,0.1369,0.0324,0.0064,0.5041,0.004900000000000001,0.0081,0.028900000000000006,0.43560000000000004,0.0009,0.0256,0.0144,0.0036,0.004900000000000001
92.0,2.68,7.707,85.04,-2.95,-37.65,35.7,-7.051,-8.926,32.282,-29.14,16.104,-18.777,92.953,-63.998,113.008,1.3,1.28,0.18,1.28,0.32,0.6,0.58,0.08,0.58,0.08,2.4,2.24,0.71,2.24,0.07,2.1,1.91,0.07,1.91,0.59,1.9,1.8,0.09,1.8,0.69,1.4,1.29,0.17,1.29,0.28,0.7,0.63,0.66,0.63,0.16,1.5,1.41,0.03,1.41,0.31,1.5,1.34,0.16,1.34,0.62,2.7,2.66,0.12,2.66,0.2,1.9,1.45,0.06,1.45,1.19,1.3,1.26,0.07,1.26,0.37,1.6900000000000002,0.36,5.76,4.41,3.61,1.9599999999999997,0.48999999999999994,2.25,2.25,7.290000000000001,3.61,1.6900000000000002,1.6384,0.3364,5.017600000000001,3.6481,3.24,1.6641000000000001,0.39690000000000003,1.9880999999999998,1.7956000000000003,7.0756000000000006,2.1025,1.5876000000000001,0.1024,0.0064,0.004900000000000001,0.34809999999999997,0.4760999999999999,0.07840000000000001,0.0256,0.0961,0.3844,0.04000000000000001,1.4161,0.1369,0.0324,0.0064,0.5041,0.004900000000000001,0.0081,0.028900000000000006,0.43560000000000004,0.0009,0.0256,0.0144,0.0036,0.004900000000000001
93.0,2.67,7.739,85.86,-3.01,-38.23,35.5,-7.042,-9.074,32.879,-29.197,15.943,-18.697,92.999,-64.197,113.163,1.3,1.28,0.18,1.28,0.32,0.6,0.58,0.08,0.58,0.08,2.4,2.24,0.71,2.24,0.07,2.1,1.91,0.07,1.91,0.59,1.9,1.8,0.09,1.8,0.69,1.4,1.29,0.17,1.29,0.28,0.7,0.63,0.66,0.63,0.16,1.5,1.41,0.03,1.41,0.31,1.5,1.34,0.16,1.34,0.62,2.7,2.66,0.12,2.66,0.2,1.9,1.45,0.06,1.45,1.19,1.3,1.26,0.07,1.26,0.37,1.6900000000000002,0.36,5.76,4.41,3.61,1.9599999999999997,0.48999999999999994,2.25,2.25,7.290000000000001,3.61,1.6900000000000002,1.6384,0.3364,5.017600000000001,3.6481,3.24,1.6641000000000001,0.39690000000000003,1.9880999999999998,1.7956000000000003,7.0756000000000006,2.1025,1.5876000000000001,0.1024,0.0064,0.004900000000000001,0.34809999999999997,0.4760999999999999,0.07840000000000001,0.0256,0.0961,0.3844,0.04000000000000001,1.4161,0.1369,0.0324,0.0064,0.5041,0.004900000000000001,0.0081,0.028900000000000006,0.43560000000000004,0.0009,0.0256,0.0144,0.0036,0.004900000000000001
94.0,2.66,7.771,86.69,-3.06,-38.8,35.5,-7.152,-9.22,32.885,-29.253,15.907,-18.617,93.079,-64.6,113.449,1.3,1.28,0.18,1.28,0.32,0.6,0.58,0.08,0.58,0.08,2.4,2.24,0.71,2.24,0.07,2.1,1.91,0.07,1.91,0.59,1.9,1.8,0.09,1.8,0.69,1.4,1.29,0.17,1.29,0.28,0.7,0.63,0.66,0.63,0.16,1.5,1.41,0.03,1.41,0.31,1.5,1.34,0.16,1.34,0.62,2.7,2.66,0.12,2.66,0.2,1.9,1.45,0.06,1.45,1.19,1.3,1.26,0.07,1.26,0.37,1.6900000000000002,0.36,5.76,4.41,3.61,1.9599999999999997,0.48999999999999994,2.25,2.25,7.290000000000001,3.61,1.6900000000000002,1.6384,0.3364,5.017600000000001,3.6481,3.24,1.6641000000000001,0.39690000000000003,1.9880999999999998,1.7956000000000003,7.0756000000000006,2.1025,1.5876000000000001,0.1024,0.0064,0.004900000000000001,0.34809999999999997,0.4760999999999999,0.07840000000000001,0.0256,0.0961,0.3844,0.04000000000000001,1.4161,0.1369,0.0324,0.0064,0.5041,0.004900000000000001,0.0081,0.028900000000000006,0.43560000000000004,0.0009,0.0256,0.0144,0.0036,0.004900000000000001
95.0,2.65,7.803,87.52,-3.11,-39.38,35.5,-7.197,-9.367,32.91,-29.309,15.941,-18.537,93.175,-65.035,113.771,1.3,1.28,0.18,1.28,0.32,0.6,0.58,0.08,0.58,0.08,2.4,2.24,0.71,2.24,0.07,2.1,1.91,0.07,1.91,0.59,1.9,1.8,0.09,1.8,0.69,1.4,1.29,0.17,1.29,0.28,0.7,0.63,0.66,0.63,0.16,1.5,1.41,0.03,1.41,0.31,1.5,1.34,0.16,1.34,0.62,2.7,2.66,0.12,2.66,0.2,1.9,1.45,0.06,1.45,1.19,1.3,1.26,0.07,1.26,0.37,1.6900000000000002,0.36,5.76,4.41,3.61,1.9599999999999997,0.48999999999999994,2.25,2.25,7.290000000000001,3.61,1.6900000000000002,1.6384,0.3364,5.017600000000001,3.6481,3.24,1.6641000000000001,0.39690000000000003,1.9880999999999998,1.7956000000000003,7.0756000000000006,2.1025,1.5876000000000001,0.1024,0.0064,0.004900000000000001,0.34809999999999997,0.4760999999999999,0.07840000000000001,0.0256,0.0961,0.3844,0.04000000000000001,1.4161,0.1369,0.0324,0.0064,0.5041,0.004900000000000001,0.0081,0.028900000000000006,0.43560000000000004,0.0009,0.0256,0.0144,0.0036,0.004900000000000001
96.0,2.64,7.835,88.34,-3.17,-39.96,35.6,-7.22,-9.513,32.932,-29.365,16.024,-18.457,93.275,-65.45,114.086,1.3,1.28,0.18,1.28,0.32,0.6,0.58,0.08,0.58,0.08,2.4,2.24,0.71,2.24,0.07,2.1,1.91,0.07,1.91,0.59,1.9,1.8,0.09,1.8,0.69,1.4,1.29,0.17,1.29,0.28,0.7,0.63,0.66,0.63,0.16,1.5,1.41,0.03,1.41,0.31,1.5,1.34,0.16,1.34,0.62,2.7,2.66,0.12,2.66,0.2,1.9,1.45,0.06,1.45,1.19,1.3,1.26,0.07,1.26,0.37,1.6900000000000002,0.36,5.76,4.41,3.61,1.9599999999999997,0.48999999999999994,2.25,2.25,7.290000000000001,3.61,1.6900000000000002,1.6384,0.3364,5.017600000000001,3.6481,3.24,1.6641000000000001,0.39690000000000003,1.9880999999999998,1.7956000000000003,7.0756000000000006,2.1025,1.5876000000000001,0.1024,0.0064,0.004900000000000001,0.34809999999999997,0.4760999999999999,0.07840000000000001,0.0256,0.0961,0.3844,0.04000000000000001,1.4161,0.1369,0.0324,0.0064,0.5041,0.004900000000000001,0.0081,0.028900000000000006,0.43560000000000004,0.0009,0.0256,0.0144,0.0036,0.004900000000000001
97.0,2.64,7.867,89.17,-3.22,-40.54,35.8,-7.28,-9.658,32.887,-29.42,16.237,-18.378,93.355,-65.644,114.265,1.3,1.28,0.18,1.28,0.32,0.6,0.58,0.08,0.58,0.08,2.4,2.24,0.71,2.24,0.07,2.1,1.91,0.07,1.91,0.59,1.9,1.8,0.09,1.8,0.69,1.4,1.29,0.17,1.29,0.28,0.7,0.63,0.66,0.63,0.16,1.5,1.41,0.03,1.41,0.31,1.5,1.34,0.16,1.34,0.62,2.7,2.66,0.12,2.66,0.2,1.9,1.45,0.06,1.45,1.19,1.3,1.26,0.07,1.26,0.37,1.6900000000000002,0.36,5.76,4.41,3.61,1.9599999999999997,0.48999999999999994,2.25,2.25,7.290000000000001,3.61,1.6900000000000002,1.6384,0.3364,5.017600000000001,3.6481,3.24,1.6641000000000001,0.39690000000000003,1.9880999999999998,1.7956000000000003,7.0756000000000006,2.1025,1.5876000000000001,0.1024,0.0064,0.004900000000000001,0.34809999999999997,0.4760999999999999,0.07840000000000001,0.0256,0.0961,0.3844,0.04000000000000001,1.4161,0.1369,0.0324,0.0064,0.5041,0.004900000000000001,0.0081,0.028900000000000006,0.43560000000000004,0.0009,0.0256,0.0144,0.0036,0.004900000000000001
98.0,2.64,7.899,89.99,-3.27,-41.12,36.0,-7.291,-9.803,32.855,-29.476,16.478,-18.299,93.434,-66.042,114.56,1.4,1.3,0.2,1.3,0.25,0.6,0.53,0.12,0.53,0.04,2.4,2.24,0.66,2.24,0.04,2.1,1.95,0.1,1.95,0.57,2.0,1.93,0.0,1.93,0.64,1.4,1.34,0.1,1.34,0.36,0.5,0.52,0.71,0.52,0.0,1.5,1.44,0.06,1.44,0.3,1.5,1.32,0.15,1.32,0.64,2.6,2.53,0.01,2.53,0.15,1.8,1.42,0.13,1.42,1.1,1.3,1.26,0.1,1.26,0.44,1.9599999999999997,0.36,5.76,4.41,4.0,1.9599999999999997,0.25,2.25,2.25,6.760000000000001,3.24,1.6900000000000002,1.6900000000000002,0.28090000000000004,5.017600000000001,3.8024999999999998,3.7249,1.7956000000000003,0.27040000000000003,2.0736,1.7424000000000002,6.400899999999999,2.0164,1.5876000000000001,0.0625,0.0016,0.0016,0.32489999999999997,0.4096,0.1296,0.0,0.09,0.4096,0.0225,1.2100000000000002,0.1936,0.04000000000000001,0.0144,0.43560000000000004,0.010000000000000002,0.0,0.010000000000000002,0.5041,0.0036,0.0225,0.0001,0.016900000000000002,0.010000000000000002
99.0,2.63,7.93,90.81,-3.32,-41.7,36.3,-7.264,-9.947,32.832,-29.531,16.74,-18.22,93.512,-66.596,114.945,1.4,1.3,0.2,1.3,0.25,0.6,0.53,0.12,0.53,0.04,2.4,2.24,0.66,2.24,0.04,2.1,1.95,0.1,1.95,0.57,2.0,1.93,0.0,1.93,0.64,1.4,1.34,0.1,1.34,0.36,0.5,0.52,0.71,0.52,0.0,1.5,1.44,0.06,1.44,0.3,1.5,1.32,0.15,1.32,0.64,2.6,2.53,0.01,2.53,0.15,1.8,1.42,0.13,1.42,1.1,1.3,1.26,0.1,1.26,0.44,1.9599999999999997,0.36,5.76,4.41,4.0,1.9599999999999997,0.25,2.25,2.25,6.760000000000001,3.24,1.6900000000000002,1.6900000000000002,0.28090000000000004,5.017600000000001,3.8024999999999998,3.7249,1.7956000000000003,0.27040000000000003,2.0736,1.7424000000000002,6.400899999999999,2.0164,1.5876000000000001,0.0625,0.0016,0.0016,0.32489999999999997,0.4096,0.1296,0.0,0.09,0.4096,0.0225,1.2100000000000002,0.1936,0.04000000000000001,0.0144,0.43560000000000004,0.010000000000000002,0.0,0.010000000000000002,0.5041,0.0036,0.0225,0.0001,0.016900000000000002,0.010000000000000002
100.0,2.61,7.962,91.62,-3.37,-42.29,36.6,-7.309,-10.09,32.319,-29.585,17.06,-18.142,93.657,-66.818,115.194,1.4,1.3,0.2,1.3,0.25,0.6,0.53,0.12,0.53,0.04,2.4,2.24,0.66,2.24,0.04,2.1,1.95,0.1,1.95,0.57,2.0,1.93,0.0,1.93,0.64,1.4,1.34,0.1,1.34,0.36,0.5,0.52,0.71,0.52,0.0,1.5,1.44,0.06,1.44,0.3,1.5,1.32,0.15,1.32,0.64,2.6,2.53,0.01,2.53,0.15,1.8,1.42,0.13,1.42,1.1,1.3,1.26,0.1,1.26,0.44,1.9599999999999997,0.36,5.76,4.41,4.0,1.9599999999999997,0.25,2.25,2.25,6.760000000000001,3.24,1.6900000000000002,1.6900000000000002,0.28090000000000004,5.017600000000001,3.8024999999999998,3.7249,1.7956000000000003,0.27040000000000003,2.0736,1.7424000000000002,6.400899999999999,2.0164,1.5876000000000001,0.0625,0.0016,0.0016,0.32489999999999997,0.4096,0.1296,0.0,0.09,0.4096,0.0225,1.2100000000000002,0.1936,0.04000000000000001,0.0144,0.43560000000000004,0.010000000000000002,0.0,0.010000000000000002,0.5041,0.0036,0.0225,0.0001,0.016900000000000002,0.010000000000000002
101.0,2.6,7.993,92.43,-3.42,-42.87,36.9,-7.288,-10.234,31.922,-29.64,17.331,-18.064,93.777,-67.118,115.469,1.4,1.3,0.2,1.3,0.25,0.6,0.53,0.12,0.53,0.04,2.4,2.24,0.66,2.24,0.04,2.1,1.95,0.1,1.95,0.57,2.0,1.93,0.0,1.93,0.64,1.4,1.34,0.1,1.34,0.36,0.5,0.52,0.71,0.52,0.0,1.5,1.44,0.06,1.44,0.3,1.5,1.32,0.15,1.32,0.64,2.6,2.53,0.01,2.53,0.15,1.8,1.42,0.13,1.42,1.1,1.3,1.26,0.1,1.26,0.44,1.9599999999999997,0.36,5.76,4.41,4.0,1.9599999999999997,0.25,2.25,2.25,6.760000000000001,3.24,1.6900000000000002,1.6900000000000002,0.28090000000000004,5.017600000000001,3.8024999999999998,3.7249,1.7956000000000003,0.27040000000000003,2.0736,1.7424000000000002,6.400899999999999,2.0164,1.5876000000000001,0.0625,0.0016,0.0016,0.32489999999999997,0.4096,0.1296,0.0,0.09,0.4096,0.0225,1.2100000000000002,0.1936,0.04000000000000001,0.0144,0.43560000000000004,0.010000000000000002,0.0,0.010000000000000002,0.5041,0.0036,0.0225,0.0001,0.016900000000000002,0.010000000000000002
102.0,2.59,8.024,93.25,-3.47,-43.46,37.1,-7.155,-10.377,31.731,-29.695,17.52,-17.986,93.855,-67.557,115.791,1.4,1.3,0.2,1.3,0.25,0.6,0.53,0.12,0.53,0.04,2.4,2.24,0.66,2.24,0.04,2.1,1.95,0.1,1.95,0.57,2.0,1.93,0.0,1.93,0.64,1.4,1.34,0.1,1.34,0.36,0.5,0.52,0.71,0.52,0.0,1.5,1.44,0.06,1.44,0.3,1.5,1.32,0.15,1.32,0.64,2.6,2.53,0.01,2.53,0.15,1.8,1.42,0.13,1.42,1.1,1.3,1.26,0.1,1.26,0.44,1.9599999999999997,0.36,5.76,4.41,4.0,1.9599999999999997,0.25,2.25,2.25,6.760000000000001,3.24,1.6900000000000002,1.6900000000000002,0.28090000000000004,5.017600000000001,3.8024999999999998,3.7249,1.7956000000000003,0.27040000000000003,2.0736,1.7424000000000002,6.400899999999999,2.0164,1.5876000000000001,0.0625,0.0016,0.0016,0.32489999999999997,0.4096,0.1296,0.0,0.09,0.4096,0.0225,1.2100000000000002,0.1936,0.04000000000000001,0.0144,0.43560000000000004,0.010000000000000002,0.0,0.010000000000000002,0.5041,0.0036,0.0225,0.0001,0.016900000000000002,0.010000000000000002
103.0,2.58,8.055,94.06,-3.51,-44.04,36.2,-7.051,-10.517,31.287,-29.749,17.659,-17.909,93.864,-67.603,115.826,1.4,1.3,0.2,1.3,0.25,0.6,0.53,0.12,0.53,0.04,2.4,2.24,0.66,2.24,0.04,2.1,1.95,0.1,1.95,0.57,2.0,1.93,0.0,1.93,0.64,1.4,1.34,0.1,1.34,0.36,0.5,0.52,0.71,0.52,0.0,1.5,1.44,0.06,1.44,0.3,1.5,1.32,0.15,1.32,0.64,2.6,2.53,0.01,2.53,0.15,1.8,1.42,0.13,1.42,1.1,1.3,1.26,0.1,1.26,0.44,1.9599999999999997,0.36,5.76,4.41,4.0,1.9599999999999997,0.25,2.25,2.25,6.760000000000001,3.24,1.6900000000000002,1.6900000000000002,0.28090000000000004,5.017600000000001,3.8024999999999998,3.7249,1.7956000000000003,0.27040000000000003,2.0736,1.7424000000000002,6.400899999999999,2.0164,1.5876000000000001,0.0625,0.0016,0.0016,0.32489999999999997,0.4096,0.1296,0.0,0.09,0.4096,0.0225,1.2100000000000002,0.1936,0.04000000000000001,0.0144,0.43560000000000004,0.010000000000000002,0.0,0.010000000000000002,0.5041,0.0036,0.0225,0.0001,0.016900000000000002,0.010000000000000002
104.0,2.57,8.086,94.88,-3.54,-44.62,35.2,-6.954,-10.635,30.963,-29.772,17.787,-17.866,93.881,-67.617,115.846,1.4,1.3,0.2,1.3,0.25,0.6,0.53,0.12,0.53,0.04,2.4,2.24,0.66,2.24,0.04,2.1,1.95,0.1,1.95,0.57,2.0,1.93,0.0,1.93,0.64,1.4,1.34,0.1,1.34,0.36,0.5,0.52,0.71,0.52,0.0,1.5,1.44,0.06,1.44,0.3,1.5,1.32,0.15,1.32,0.64,2.6,2.53,0.01,2.53,0.15,1.8,1.42,0.13,1.42,1.1,1.3,1.26,0.1,1.26,0.44,1.9599999999999997,0.36,5.76,4.41,4.0,1.9599999999999997,0.25,2.25,2.25,6.760000000000001,3.24,1.6900000000000002,1.6900000000000002,0.28090000000000004,5.017600000000001,3.8024999999999998,3.7249,1.7956000000000003,0.27040000000000003,2.0736,1.7424000000000002,6.400899999999999,2.0164,1.5876000000000001,0.0625,0.0016,0.0016,0.32489999999999997,0.4096,0.1296,0.0,0.09,0.4096,0.0225,1.2100000000000002,0.1936,0.04000000000000001,0.0144,0.43560000000000004,0.010000000000000002,0.0,0.010000000000000002,0.5041,0.0036,0.0225,0.0001,0.016900000000000002,0.010000000000000002
105.0,2.55,8.117,95.68,-3.6,-45.21,35.4,-6.856,-10.625,31.691,-29.624,17.94,-18.005,94.048,-68.054,116.23,1.4,1.3,0.2,1.3,0.25,0.6,0.53,0.12,0.53,0.04,2.4,2.24,0.66,2.24,0.04,2.1,1.95,0.1,1.95,0.57,2.0,1.93,0.0,1.93,0.64,1.4,1.34,0.1,1.34,0.36,0.5,0.52,0.71,0.52,0.0,1.5,1.44,0.06,1.44,0.3,1.5,1.32,0.15,1.32,0.64,2.6,2.53,0.01,2.53,0.15,1.8,1.42,0.13,1.42,1.1,1.3,1.26,0.1,1.26,0.44,1.9599999999999997,0.36,5.76,4.41,4.0,1.9599999999999997,0.25,2.25,2.25,6.760000000000001,3.24,1.6900000000000002,1.6900000000000002,0.28090000000000004,5.017600000000001,3.8024999999999998,3.7249,1.7956000000000003,0.27040000000000003,2.0736,1.7424000000000002,6.400899999999999,2.0164,1.5876000000000001,0.0625,0.0016,0.0016,0.32489999999999997,0.4096,0.1296,0.0,0.09,0.4096,0.0225,1.2100000000000002,0.1936,0.04000000000000001,0.0144,0.43560000000000004,0.010000000000000002,0.0,0.010000000000000002,0.5041,0.0036,0.0225,0.0001,0.016900000000000002,0.010000000000000002
106.0,2.53,8.148,96.49,-3.65,-45.81,35.4,-6.723,-10.616,31.906,-29.478,18.024,-18.143,94.162,-68.334,116.485,1.4,1.3,0.2,1.3,0.25,0.5,0.51,0.14,0.51,0.04,2.4,2.24,0.66,2.24,0.04,2.2,2.06,0.17,2.06,0.46,2.0,1.93,0.0,1.93,0.64,1.4,1.34,0.1,1.34,0.36,0.5,0.52,0.71,0.52,0.0,1.5,1.44,0.06,1.44,0.3,1.5,1.32,0.15,1.32,0.64,2.6,2.53,0.01,2.53,0.15,1.8,1.42,0.13,1.42,1.1,1.3,1.24,0.09,1.24,0.46,1.9599999999999997,0.25,5.76,4.840000000000001,4.0,1.9599999999999997,0.25,2.25,2.25,6.760000000000001,3.24,1.6900000000000002,1.6900000000000002,0.2601,5.017600000000001,4.2436,3.7249,1.7956000000000003,0.27040000000000003,2.0736,1.7424000000000002,6.400899999999999,2.0164,1.5376,0.0625,0.0016,0.0016,0.2116,0.4096,0.1296,0.0,0.09,0.4096,0.0225,1.2100000000000002,0.2116,0.04000000000000001,0.019600000000000003,0.43560000000000004,0.028900000000000006,0.0,0.010000000000000002,0.5041,0.0036,0.0225,0.0001,0.016900000000000002,0.0081
107.0,2.51,8.179,97.3,-3.71,-46.4,35.5,-6.562,-10.607,31.697,-29.332,18.05,-18.281,94.232,-68.486,116.632,1.4,1.3,0.2,1.3,0.25,0.5,0.51,0.14,0.51,0.04,2.4,2.24,0.66,2.24,0.04,2.2,2.06,0.17,2.06,0.46,2.0,1.93,0.0,1.93,0.64,1.4,1.34,0.1,1.34,0.36,0.5,0.52,0.71,0.52,0.0,1.5,1.44,0.06,1.44,0.3,1.5,1.32,0.15,1.32,0.64,2.6,2.53,0.01,2.53,0.15,1.8,1.42,0.13,1.42,1.1,1.3,1.24,0.09,1.24,0.46,1.9599999999999997,0.25,5.76,4.840000000000001,4.0,1.9599999999999997,0.25,2.25,2.25,6.760000000000001,3.24,1.6900000000000002,1.6900000000000002,0.2601,5.017600000000001,4.2436,3.7249,1.7956000000000003,0.27040000000000003,2.0736,1.7424000000000002,6.400899999999999,2.0164,1.5376,0.0625,0.0016,0.0016,0.2116,0.4096,0.1296,0.0,0.09,0.4096,0.0225,1.2100000000000002,0.2116,0.04000000000000001,0.019600000000000003,0.43560000000000004,0.028900000000000006,0.0,0.010000000000000002,0.5041,0.0036,0.0225,0.0001,0.016900000000000002,0.0081
108.0,2.49,8.21,98.11,-3.76,-46.99,35.5,-6.4,-10.598,31.488,-29.185,18.076,-18.419,94.302,-68.637,116.779,1.4,1.3,0.2,1.3,0.25,0.5,0.51,0.14,0.51,0.04,2.4,2.24,0.66,2.24,0.04,2.2,2.06,0.17,2.06,0.46,2.0,1.93,0.0,1.93,0.64,1.4,1.34,0.1,1.34,0.36,0.5,0.52,0.71,0.52,0.0,1.5,1.44,0.06,1.44,0.3,1.5,1.32,0.15,1.32,0.64,2.6,2.53,0.01,2.53,0.15,1.8,1.42,0.13,1.42,1.1,1.3,1.24,0.09,1.24,0.46,1.9599999999999997,0.25,5.76,4.840000000000001,4.0,1.9599999999999997,0.25,2.25,2.25,6.760000000000001,3.24,1.6900000000000002,1.6900000000000002,0.2601,5.017600000000001,4.2436,3.7249,1.7956000000000003,0.27040000000000003,2.0736,1.7424000000000002,6.400899999999999,2.0164,1.5376,0.0625,0.0016,0.0016,0.2116,0.4096,0.1296,0.0,0.09,0.4096,0.0225,1.2100000000000002,0.2116,0.04000000000000001,0.019600000000000003,0.43560000000000004,0.028900000000000006,0.0,0.010000000000000002,0.5041,0.0036,0.0225,0.0001,0.016900000000000002,0.0081
109.0,2.48,8.24,98.92,-3.81,-47.58,35.5,-6.239,-10.589,31.279,-29.039,18.102,-18.557,94.372,-68.788,116.927,1.4,1.3,0.2,1.3,0.25,0.5,0.51,0.14,0.51,0.04,2.4,2.24,0.66,2.24,0.04,2.2,2.06,0.17,2.06,0.46,2.0,1.93,0.0,1.93,0.64,1.4,1.34,0.1,1.34,0.36,0.5,0.52,0.71,0.52,0.0,1.5,1.44,0.06,1.44,0.3,1.5,1.32,0.15,1.32,0.64,2.6,2.53,0.01,2.53,0.15,1.8,1.42,0.13,1.42,1.1,1.3,1.24,0.09,1.24,0.46,1.9599999999999997,0.25,5.76,4.840000000000001,4.0,1.9599999999999997,0.25,2.25,2.25,6.760000000000001,3.24,1.6900000000000002,1.6900000000000002,0.2601,5.017600000000001,4.2436,3.7249,1.7956000000000003,0.27040000000000003,2.0736,1.7424000000000002,6.400899999999999,2.0164,1.5376,0.0625,0.0016,0.0016,0.2116,0.4096,0.1296,0.0,0.09,0.4096,0.0225,1.2100000000000002,0.2116,0.04000000000000001,0.019600000000000003,0.43560000000000004,0.028900000000000006,0.0,0.010000000000000002,0.5041,0.0036,0.0225,0.0001,0.016900000000000002,0.0081
110.0,2.46,8.271,99.73,-3.86,-48.17,35.6,-6.077,-10.579,31.07,-28.893,18.129,-18.695,94.441,-68.94,117.074,1.4,1.3,0.2,1.3,0.25,0.5,0.51,0.14,0.51,0.04,2.4,2.24,0.66,2.24,0.04,2.2,2.06,0.17,2.06,0.46,2.0,1.93,0.0,1.93,0.64,1.4,1.34,0.1,1.34,0.36,0.5,0.52,0.71,0.52,0.0,1.5,1.44,0.06,1.44,0.3,1.5,1.32,0.15,1.32,0.64,2.6,2.53,0.01,2.53,0.15,1.8,1.42,0.13,1.42,1.1,1.3,1.24,0.09,1.24,0.46,1.9599999999999997,0.25,5.76,4.840000000000001,4.0,1.9599999999999997,0.25,2.25,2.25,6.760000000000001,3.24,1.6900000000000002,1.6900000000000002,0.2601,5.017600000000001,4.2436,3.7249,1.7956000000000003,0.27040000000000003,2.0736,1.7424000000000002,6.400899999999999,2.0164,1.5376,0.0625,0.0016,0.0016,0.2116,0.4096,0.1296,0.0,0.09,0.4096,0.0225,1.2100000000000002,0.2116,0.04000000000000001,0.019600000000000003,0.43560000000000004,0.028900000000000006,0.0,0.010000000000000002,0.5041,0.0036,0.0225,0.0001,0.016900000000000002,0.0081
111.0,2.45,8.302,100.54,-3.91,-48.76,36.0,-5.852,-10.57,31.656,-28.748,18.092,-18.832,94.541,-69.236,117.327,1.4,1.3,0.2,1.3,0.25,0.5,0.51,0.14,0.51,0.04,2.4,2.24,0.66,2.24,0.04,2.2,2.06,0.17,2.06,0.46,2.0,1.93,0.0,1.93,0.64,1.4,1.34,0.1,1.34,0.36,0.5,0.52,0.71,0.52,0.0,1.5,1.44,0.06,1.44,0.3,1.5,1.32,0.15,1.32,0.64,2.6,2.53,0.01,2.53,0.15,1.8,1.42,0.13,1.42,1.1,1.3,1.24,0.09,1.24,0.46,1.9599999999999997,0.25,5.76,4.840000000000001,4.0,1.9599999999999997,0.25,2.25,2.25,6.760000000000001,3.24,1.6900000000000002,1.6900000000000002,0.2601,5.017600000000001,4.2436,3.7249,1.7956000000000003,0.27040000000000003,2.0736,1.7424000000000002,6.400899999999999,2.0164,1.5376,0.0625,0.0016,0.0016,0.2116,0.4096,0.1296,0.0,0.09,0.4096,0.0225,1.2100000000000002,0.2116,0.04000000000000001,0.019600000000000003,0.43560000000000004,0.028900000000000006,0.0,0.010000000000000002,0.5041,0.0036,0.0225,0.0001,0.016900000000000002,0.0081
112.0,2.44,8.333,101.35,-3.95,-49.35,36.6,-5.602,-10.548,32.518,-28.631,18.03,-18.959,94.649,-69.58,117.613,1.4,1.3,0.2,1.3,0.25,0.5,0.51,0.14,0.51,0.04,2.4,2.24,0.66,2.24,0.04,2.2,2.06,0.17,2.06,0.46,2.0,1.93,0.0,1.93,0.64,1.4,1.34,0.1,1.34,0.36,0.5,0.52,0.71,0.52,0.0,1.5,1.44,0.06,1.44,0.3,1.5,1.32,0.15,1.32,0.64,2.6,2.53,0.01,2.53,0.15,1.8,1.42,0.13,1.42,1.1,1.3,1.24,0.09,1.24,0.46,1.9599999999999997,0.25,5.76,4.840000000000001,4.0,1.9599999999999997,0.25,2.25,2.25,6.760000000000001,3.24,1.6900000000000002,1.6900000000000002,0.2601,5.017600000000001,4.2436,3.7249,1.7956000000000003,0.27040000000000003,2.0736,1.7424000000000002,6.400899999999999,2.0164,1.5376,0.0625,0.0016,0.0016,0.2116,0.4096,0.1296,0.0,0.09,0.4096,0.0225,1.2100000000000002,0.2116,0.04000000000000001,0.019600000000000003,0.43560000000000004,0.028900000000000006,0.0,0.010000000000000002,0.5041,0.0036,0.0225,0.0001,0.016900000000000002,0.0081
113.0,2.43,8.363,102.15,-4.0,-49.94,36.6,-5.409,-10.315,31.971,-28.979,17.995,-18.92,94.673,-69.622,117.661,1.4,1.3,0.2,1.3,0.25,0.5,0.51,0.14,0.51,0.04,2.4,2.24,0.66,2.24,0.04,2.2,2.06,0.17,2.06,0.46,2.0,1.93,0.0,1.93,0.64,1.4,1.34,0.1,1.34,0.36,0.5,0.52,0.71,0.52,0.0,1.5,1.44,0.06,1.44,0.3,1.5,1.32,0.15,1.32,0.64,2.6,2.53,0.01,2.53,0.15,1.8,1.42,0.13,1.42,1.1,1.3,1.24,0.09,1.24,0.46,1.9599999999999997,0.25,5.76,4.840000000000001,4.0,1.9599999999999997,0.25,2.25,2.25,6.760000000000001,3.24,1.6900000000000002,1.6900000000000002,0.2601,5.017600000000001,4.2436,3.7249,1.7956000000000003,0.27040000000000003,2.0736,1.7424000000000002,6.400899999999999,2.0164,1.5376,0.0625,0.0016,0.0016,0.2116,0.4096,0.1296,0.0,0.09,0.4096,0.0225,1.2100000000000002,0.2116,0.04000000000000001,0.019600000000000003,0.43560000000000004,0.028900000000000006,0.0,0.010000000000000002,0.5041,0.0036,0.0225,0.0001,0.016900000000000002,0.0081
114.0,2.41,8.394,102.96,-4.05,-50.53,36.5,-5.138,-10.092,31.789,-29.006,17.947,-18.91,94.754,-69.767,117.815,1.4,1.33,0.22,1.33,0.21,0.4,0.43,0.21,0.43,0.02,2.4,2.23,0.5,2.23,0.05,2.4,2.19,0.3,2.19,0.48,1.9,1.71,0.15,1.71,0.73,1.5,1.43,0.01,1.43,0.41,0.4,0.35,0.74,0.35,0.12,1.5,1.46,0.09,1.46,0.27,1.5,1.34,0.11,1.34,0.67,2.3,2.25,0.29,2.25,0.03,1.7,1.35,0.2,1.35,1.03,1.2,1.16,0.01,1.16,0.41,1.9599999999999997,0.16000000000000003,5.76,5.76,3.61,2.25,0.16000000000000003,2.25,2.25,5.289999999999999,2.8899999999999997,1.44,1.7689000000000001,0.18489999999999998,4.9729,4.7961,2.9240999999999997,2.0448999999999997,0.12249999999999998,2.1315999999999997,1.7956000000000003,5.0625,1.8225000000000002,1.3456,0.04409999999999999,0.0004,0.0025000000000000005,0.2304,0.5328999999999999,0.16809999999999997,0.0144,0.0729,0.4489000000000001,0.0009,1.0609,0.16809999999999997,0.0484,0.04409999999999999,0.25,0.09,0.0225,0.0001,0.5476,0.0081,0.0121,0.0841,0.04000000000000001,0.0001
115.0,2.4,8.425,103.77,-4.1,-51.13,36.5,-4.763,-9.882,32.097,-28.601,17.88,-18.94,94.911,-70.051,118.111,1.4,1.33,0.22,1.33,0.21,0.4,0.43,0.21,0.43,0.02,2.4,2.23,0.5,2.23,0.05,2.4,2.19,0.3,2.19,0.48,1.9,1.71,0.15,1.71,0.73,1.5,1.43,0.01,1.43,0.41,0.4,0.35,0.74,0.35,0.12,1.5,1.46,0.09,1.46,0.27,1.5,1.34,0.11,1.34,0.67,2.3,2.25,0.29,2.25,0.03,1.7,1.35,0.2,1.35,1.03,1.2,1.16,0.01,1.16,0.41,1.9599999999999997,0.16000000000000003,5.76,5.76,3.61,2.25,0.16000000000000003,2.25,2.25,5.289999999999999,2.8899999999999997,1.44,1.7689000000000001,0.18489999999999998,4.9729,4.7961,2.9240999999999997,2.0448999999999997,0.12249999999999998,2.1315999999999997,1.7956000000000003,5.0625,1.8225000000000002,1.3456,0.04409999999999999,0.0004,0.0025000000000000005,0.2304,0.5328999999999999,0.16809999999999997,0.0144,0.0729,0.4489000000000001,0.0009,1.0609,0.16809999999999997,0.0484,0.04409999999999999,0.25,0.09,0.0225,0.0001,0.5476,0.0081,0.0121,0.0841,0.04000000000000001,0.0001
116.0,2.38,8.455,104.57,-4.15,-51.73,36.6,-4.363,-9.66,31.887,-29.166,17.779,-19.056,94.971,-70.08,118.182,1.4,1.33,0.22,1.33,0.21,0.4,0.43,0.21,0.43,0.02,2.4,2.23,0.5,2.23,0.05,2.4,2.19,0.3,2.19,0.48,1.9,1.71,0.15,1.71,0.73,1.5,1.43,0.01,1.43,0.41,0.4,0.35,0.74,0.35,0.12,1.5,1.46,0.09,1.46,0.27,1.5,1.34,0.11,1.34,0.67,2.3,2.25,0.29,2.25,0.03,1.7,1.35,0.2,1.35,1.03,1.2,1.16,0.01,1.16,0.41,1.9599999999999997,0.16000000000000003,5.76,5.76,3.61,2.25,0.16000000000000003,2.25,2.25,5.289999999999999,2.8899999999999997,1.44,1.7689000000000001,0.18489999999999998,4.9729,4.7961,2.9240999999999997,2.0448999999999997,0.12249999999999998,2.1315999999999997,1.7956000000000003,5.0625,1.8225000000000002,1.3456,0.04409999999999999,0.0004,0.0025000000000000005,0.2304,0.5328999999999999,0.16809999999999997,0.0144,0.0729,0.4489000000000001,0.0009,1.0609,0.16809999999999997,0.0484,0.04409999999999999,0.25,0.09,0.0225,0.0001,0.5476,0.0081,0.0121,0.0841,0.04000000000000001,0.0001
117.0,2.36,8.486,105.38,-4.2,-52.32,36.6,-3.981,-9.443,31.509,-29.873,17.677,-19.185,95.005,-70.114,118.236,1.4,1.33,0.22,1.33,0.21,0.4,0.43,0.21,0.43,0.02,2.4,2.23,0.5,2.23,0.05,2.4,2.19,0.3,2.19,0.48,1.9,1.71,0.15,1.71,0.73,1.5,1.43,0.01,1.43,0.41,0.4,0.35,0.74,0.35,0.12,1.5,1.46,0.09,1.46,0.27,1.5,1.34,0.11,1.34,0.67,2.3,2.25,0.29,2.25,0.03,1.7,1.35,0.2,1.35,1.03,1.2,1.16,0.01,1.16,0.41,1.9599999999999997,0.16000000000000003,5.76,5.76,3.61,2.25,0.16000000000000003,2.25,2.25,5.289999999999999,2.8899999999999997,1.44,1.7689000000000001,0.18489999999999998,4.9729,4.7961,2.9240999999999997,2.0448999999999997,0.12249999999999998,2.1315999999999997,1.7956000000000003,5.0625,1.8225000000000002,1.3456,0.04409999999999999,0.0004,0.0025000000000000005,0.2304,0.5328999999999999,0.16809999999999997,0.0144,0.0729,0.4489000000000001,0.0009,1.0609,0.16809999999999997,0.0484,0.04409999999999999,0.25,0.09,0.0225,0.0001,0.5476,0.0081,0.0121,0.0841,0.04000000000000001,0.0001
118.0,2.35,8.516,106.18,-4.26,-52.91,36.5,-3.729,-9.273,30.933,-30.032,17.612,-19.267,95.038,-70.52,118.5,1.4,1.33,0.22,1.33,0.21,0.4,0.43,0.21,0.43,0.02,2.4,2.23,0.5,2.23,0.05,2.4,2.19,0.3,2.19,0.48,1.9,1.71,0.15,1.71,0.73,1.5,1.43,0.01,1.43,0.41,0.4,0.35,0.74,0.35,0.12,1.5,1.46,0.09,1.46,0.27,1.5,1.34,0.11,1.34,0.67,2.3,2.25,0.29,2.25,0.03,1.7,1.35,0.2,1.35,1.03,1.2,1.16,0.01,1.16,0.41,1.9599999999999997,0.16000000000000003,5.76,5.76,3.61,2.25,0.16000000000000003,2.25,2.25,5.289999999999999,2.8899999999999997,1.44,1.7689000000000001,0.18489999999999998,4.9729,4.7961,2.9240999999999997,2.0448999999999997,0.12249999999999998,2.1315999999999997,1.7956000000000003,5.0625,1.8225000000000002,1.3456,0.04409999999999999,0.0004,0.0025000000000000005,0.2304,0.5328999999999999,0.16809999999999997,0.0144,0.0729,0.4489000000000001,0.0009,1.0609,0.16809999999999997,0.0484,0.04409999999999999,0.25,0.09,0.0225,0.0001,0.5476,0.0081,0.0121,0.0841,0.04000000000000001,0.0001
119.0,2.34,8.547,106.99,-4.31,-53.51,36.5,-3.589,-9.104,30.528,-30.191,17.561,-19.349,95.07,-70.68,118.616,1.4,1.33,0.22,1.33,0.21,0.4,0.43,0.21,0.43,0.02,2.4,2.23,0.5,2.23,0.05,2.4,2.19,0.3,2.19,0.48,1.9,1.71,0.15,1.71,0.73,1.5,1.43,0.01,1.43,0.41,0.4,0.35,0.74,0.35,0.12,1.5,1.46,0.09,1.46,0.27,1.5,1.34,0.11,1.34,0.67,2.3,2.25,0.29,2.25,0.03,1.7,1.35,0.2,1.35,1.03,1.2,1.16,0.01,1.16,0.41,1.9599999999999997,0.16000000000000003,5.76,5.76,3.61,2.25,0.16000000000000003,2.25,2.25,5.289999999999999,2.8899999999999997,1.44,1.7689000000000001,0.18489999999999998,4.9729,4.7961,2.9240999999999997,2.0448999999999997,0.12249999999999998,2.1315999999999997,1.7956000000000003,5.0625,1.8225000000000002,1.3456,0.04409999999999999,0.0004,0.0025000000000000005,0.2304,0.5328999999999999,0.16809999999999997,0.0144,0.0729,0.4489000000000001,0.0009,1.0609,0.16809999999999997,0.0484,0.04409999999999999,0.25,0.09,0.0225,0.0001,0.5476,0.0081,0.0121,0.0841,0.04000000000000001,0.0001
120.0,2.33,8.577,107.79,-4.36,-54.11,36.5,-3.552,-8.935,30.278,-30.349,17.522,-19.43,95.102,-70.614,118.595,1.4,1.33,0.22,1.33,0.21,0.4,0.43,0.21,0.43,0.02,2.4,2.23,0.5,2.23,0.05,2.4,2.19,0.3,2.19,0.48,1.9,1.71,0.15,1.71,0.73,1.5,1.43,0.01,1.43,0.41,0.4,0.35,0.74,0.35,0.12,1.5,1.46,0.09,1.46,0.27,1.5,1.34,0.11,1.34,0.67,2.3,2.25,0.29,2.25,0.03,1.7,1.35,0.2,1.35,1.03,1.2,1.16,0.01,1.16,0.41,1.9599999999999997,0.16000000000000003,5.76,5.76,3.61,2.25,0.16000000000000003,2.25,2.25,5.289999999999999,2.8899999999999997,1.44,1.7689000000000001,0.18489999999999998,4.9729,4.7961,2.9240999999999997,2.0448999999999997,0.12249999999999998,2.1315999999999997,1.7956000000000003,5.0625,1.8225000000000002,1.3456,0.04409999999999999,0.0004,0.0025000000000000005,0.2304,0.5328999999999999,0.16809999999999997,0.0144,0.0729,0.4489000000000001,0.0009,1.0609,0.16809999999999997,0.0484,0.04409999999999999,0.25,0.09,0.0225,0.0001,0.5476,0.0081,0.0121,0.0841,0.04000000000000001,0.0001
121.0,2.31,8.608,108.6,-4.41,-54.7,36.4,-3.515,-8.766,30.029,-30.508,17.483,-19.512,95.134,-70.548,118.575,1.4,1.33,0.22,1.33,0.21,0.4,0.43,0.21,0.43,0.02,2.4,2.23,0.5,2.23,0.05,2.4,2.19,0.3,2.19,0.48,1.9,1.71,0.15,1.71,0.73,1.5,1.43,0.01,1.43,0.41,0.4,0.35,0.74,0.35,0.12,1.5,1.46,0.09,1.46,0.27,1.5,1.34,0.11,1.34,0.67,2.3,2.25,0.29,2.25,0.03,1.7,1.35,0.2,1.35,1.03,1.2,1.16,0.01,1.16,0.41,1.9599999999999997,0.16000000000000003,5.76,5.76,3.61,2.25,0.16000000000000003,2.25,2.25,5.289999999999999,2.8899999999999997,1.44,1.7689000000000001,0.18489999999999998,4.9729,4.7961,2.9240999999999997,2.0448999999999997,0.12249999999999998,2.1315999999999997,1.7956000000000003,5.0625,1.8225000000000002,1.3456,0.04409999999999999,0.0004,0.0025000000000000005,0.2304,0.5328999999999999,0.16809999999999997,0.0144,0.0729,0.4489000000000001,0.0009,1.0609,0.16809999999999997,0.0484,0.04409999999999999,0.25,0.09,0.0225,0.0001,0.5476,0.0081,0.0121,0.0841,0.04000000000000001,0.0001
122.0,2.3,8.638,109.4,-4.46,-55.3,36.4,-3.511,-8.596,29.919,-30.666,17.439,-19.594,95.169,-70.522,118.582,1.4,1.32,0.16,1.32,0.16,0.4,0.4,0.24,0.4,0.02,2.4,2.28,0.46,2.28,0.01,2.4,2.26,0.34,2.26,0.35,2.0,1.84,0.04,1.84,0.71,1.5,1.47,0.02,1.47,0.41,0.4,0.36,0.64,0.36,0.18,1.5,1.48,0.11,1.48,0.3,1.5,1.34,0.11,1.34,0.67,2.2,2.19,0.34,2.19,0.12,1.7,1.35,0.2,1.35,1.03,1.1,1.05,0.1,1.05,0.35,1.9599999999999997,0.16000000000000003,5.76,5.76,4.0,2.25,0.16000000000000003,2.25,2.25,4.840000000000001,2.8899999999999997,1.2100000000000002,1.7424000000000002,0.16000000000000003,5.1983999999999995,5.107599999999999,3.3856,2.1609,0.1296,2.1904,1.7956000000000003,4.7961,1.8225000000000002,1.1025,0.0256,0.0004,0.0001,0.12249999999999998,0.5041,0.16809999999999997,0.0324,0.09,0.4489000000000001,0.0144,1.0609,0.12249999999999998,0.0256,0.0576,0.2116,0.11560000000000002,0.0016,0.0004,0.4096,0.0121,0.0121,0.11560000000000002,0.04000000000000001,0.010000000000000002
123.0,2.29,8.669,110.21,-4.51,-55.9,36.3,-3.62,-8.427,30.272,-30.825,17.378,-19.676,95.212,-70.631,118.68,1.4,1.32,0.16,1.32,0.16,0.4,0.4,0.24,0.4,0.02,2.4,2.28,0.46,2.28,0.01,2.4,2.26,0.34,2.26,0.35,2.0,1.84,0.04,1.84,0.71,1.5,1.47,0.02,1.47,0.41,0.4,0.36,0.64,0.36,0.18,1.5,1.48,0.11,1.48,0.3,1.5,1.34,0.11,1.34,0.67,2.2,2.19,0.34,2.19,0.12,1.7,1.35,0.2,1.35,1.03,1.1,1.05,0.1,1.05,0.35,1.9599999999999997,0.16000000000000003,5.76,5.76,4.0,2.25,0.16000000000000003,2.25,2.25,4.840000000000001,2.8899999999999997,1.2100000000000002,1.7424000000000002,0.16000000000000003,5.1983999999999995,5.107599999999999,3.3856,2.1609,0.1296,2.1904,1.7956000000000003,4.7961,1.8225000000000002,1.1025,0.0256,0.0004,0.0001,0.12249999999999998,0.5041,0.16809999999999997,0.0324,0.09,0.4489000000000001,0.0144,1.0609,0.12249999999999998,0.0256,0.0576,0.2116,0.11560000000000002,0.0016,0.0004,0.4096,0.0121,0.0121,0.11560000000000002,0.04000000000000001,0.010000000000000002
124.0,2.28,8.699,111.01,-4.56,-56.49,36.2,-3.728,-8.258,30.625,-30.984,17.317,-19.757,95.256,-70.74,118.777,1.4,1.32,0.16,1.32,0.16,0.4,0.4,0.24,0.4,0.02,2.4,2.28,0.46,2.28,0.01,2.4,2.26,0.34,2.26,0.35,2.0,1.84,0.04,1.84,0.71,1.5,1.47,0.02,1.47,0.41,0.4,0.36,0.64,0.36,0.18,1.5,1.48,0.11,1.48,0.3,1.5,1.34,0.11,1.34,0.67,2.2,2.19,0.34,2.19,0.12,1.7,1.35,0.2,1.35,1.03,1.1,1.05,0.1,1.05,0.35,1.9599999999999997,0.16000000000000003,5.76,5.76,4.0,2.25,0.16000000000000003,2.25,2.25,4.840000000000001,2.8899999999999997,1.2100000000000002,1.7424000000000002,0.16000000000000003,5.1983999999999995,5.107599999999999,3.3856,2.1609,0.1296,2.1904,1.7956000000000003,4.7961,1.8225000000000002,1.1025,0.0256,0.0004,0.0001,0.12249999999999998,0.5041,0.16809999999999997,0.0324,0.09,0.4489000000000001,0.0144,1.0609,0.12249999999999998,0.0256,0.0576,0.2116,0.11560000000000002,0.0016,0.0004,0.4096,0.0121,0.0121,0.11560000000000002,0.04000000000000001,0.010000000000000002
125.0,2.28,8.729,111.82,-4.61,-57.09,36.2,-3.837,-8.088,30.978,-31.142,17.256,-19.839,95.299,-70.849,118.874,1.4,1.32,0.16,1.32,0.16,0.4,0.4,0.24,0.4,0.02,2.4,2.28,0.46,2.28,0.01,2.4,2.26,0.34,2.26,0.35,2.0,1.84,0.04,1.84,0.71,1.5,1.47,0.02,1.47,0.41,0.4,0.36,0.64,0.36,0.18,1.5,1.48,0.11,1.48,0.3,1.5,1.34,0.11,1.34,0.67,2.2,2.19,0.34,2.19,0.12,1.7,1.35,0.2,1.35,1.03,1.1,1.05,0.1,1.05,0.35,1.9599999999999997,0.16000000000000003,5.76,5.76,4.0,2.25,0.16000000000000003,2.25,2.25,4.840000000000001,2.8899999999999997,1.2100000000000002,1.7424000000000002,0.16000000000000003,5.1983999999999995,5.107599999999999,3.3856,2.1609,0.1296,2.1904,1.7956000000000003,4.7961,1.8225000000000002,1.1025,0.0256,0.0004,0.0001,0.12249999999999998,0.5041,0.16809999999999997,0.0324,0.09,0.4489000000000001,0.0144,1.0609,0.12249999999999998,0.0256,0.0576,0.2116,0.11560000000000002,0.0016,0.0004,0.4096,0.0121,0.0121,0.11560000000000002,0.04000000000000001,0.010000000000000002
126.0,2.26,8.76,112.62,-4.65,-57.69,36.5,-4.042,-7.92,31.369,-31.3,17.267,-19.921,95.356,-71.064,119.05,1.4,1.32,0.16,1.32,0.16,0.4,0.4,0.24,0.4,0.02,2.4,2.28,0.46,2.28,0.01,2.4,2.26,0.34,2.26,0.35,2.0,1.84,0.04,1.84,0.71,1.5,1.47,0.02,1.47,0.41,0.4,0.36,0.64,0.36,0.18,1.5,1.48,0.11,1.48,0.3,1.5,1.34,0.11,1.34,0.67,2.2,2.19,0.34,2.19,0.12,1.7,1.35,0.2,1.35,1.03,1.1,1.05,0.1,1.05,0.35,1.9599999999999997,0.16000000000000003,5.76,5.76,4.0,2.25,0.16000000000000003,2.25,2.25,4.840000000000001,2.8899999999999997,1.2100000000000002,1.7424000000000002,0.16000000000000003,5.1983999999999995,5.107599999999999,3.3856,2.1609,0.1296,2.1904,1.7956000000000003,4.7961,1.8225000000000002,1.1025,0.0256,0.0004,0.0001,0.12249999999999998,0.5041,0.16809999999999997,0.0324,0.09,0.4489000000000001,0.0144,1.0609,0.12249999999999998,0.0256,0.0576,0.2116,0.11560000000000002,0.0016,0.0004,0.4096,0.0121,0.0121,0.11560000000000002,0.04000000000000001,0.010000000000000002
127.0,2.25,8.79,113.42,-4.7,-58.29,36.8,-4.253,-7.751,31.762,-31.458,17.283,-20.002,95.415,-71.284,119.23,1.4,1.32,0.16,1.32,0.16,0.4,0.4,0.24,0.4,0.02,2.4,2.28,0.46,2.28,0.01,2.4,2.26,0.34,2.26,0.35,2.0,1.84,0.04,1.84,0.71,1.5,1.47,0.02,1.47,0.41,0.4,0.36,0.64,0.36,0.18,1.5,1.48,0.11,1.48,0.3,1.5,1.34,0.11,1.34,0.67,2.2,2.19,0.34,2.19,0.12,1.7,1.35,0.2,1.35,1.03,1.1,1.05,0.1,1.05,0.35,1.9599999999999997,0.16000000000000003,5.76,5.76,4.0,2.25,0.16000000000000003,2.25,2.25,4.840000000000001,2.8899999999999997,1.2100000000000002,1.7424000000000002,0.16000000000000003,5.1983999999999995,5.107599999999999,3.3856,2.1609,0.1296,2.1904,1.7956000000000003,4.7961,1.8225000000000002,1.1025,0.0256,0.0004,0.0001,0.12249999999999998,0.5041,0.16809999999999997,0.0324,0.09,0.4489000000000001,0.0144,1.0609,0.12249999999999998,0.0256,0.0576,0.2116,0.11560000000000002,0.0016,0.0004,0.4096,0.0121,0.0121,0.11560000000000002,0.04000000000000001,0.010000000000000002
128.0,2.23,8.82,114.22,-4.74,-58.89,37.1,-4.463,-7.583,32.154,-31.616,17.298,-20.083,95.473,-71.503,119.411,1.4,1.32,0.16,1.32,0.16,0.4,0.4,0.24,0.4,0.02,2.4,2.28,0.46,2.28,0.01,2.4,2.26,0.34,2.26,0.35,2.0,1.84,0.04,1.84,0.71,1.5,1.47,0.02,1.47,0.41,0.4,0.36,0.64,0.36,0.18,1.5,1.48,0.11,1.48,0.3,1.5,1.34,0.11,1.34,0.67,2.2,2.19,0.34,2.19,0.12,1.7,1.35,0.2,1.35,1.03,1.1,1.05,0.1,1.05,0.35,1.9599999999999997,0.16000000000000003,5.76,5.76,4.0,2.25,0.16000000000000003,2.25,2.25,4.840000000000001,2.8899999999999997,1.2100000000000002,1.7424000000000002,0.16000000000000003,5.1983999999999995,5.107599999999999,3.3856,2.1609,0.1296,2.1904,1.7956000000000003,4.7961,1.8225000000000002,1.1025,0.0256,0.0004,0.0001,0.12249999999999998,0.5041,0.16809999999999997,0.0324,0.09,0.4489000000000001,0.0144,1.0609,0.12249999999999998,0.0256,0.0576,0.2116,0.11560000000000002,0.0016,0.0004,0.4096,0.0121,0.0121,0.11560000000000002,0.04000000000000001,0.010000000000000002
129.0,2.22,8.85,115.02,-4.79,-59.49,37.4,-4.655,-7.65,32.338,-31.456,17.346,-20.227,95.586,-71.684,119.61,1.4,1.32,0.16,1.32,0.16,0.4,0.4,0.24,0.4,0.02,2.4,2.28,0.46,2.28,0.01,2.4,2.26,0.34,2.26,0.35,2.0,1.84,0.04,1.84,0.71,1.5,1.47,0.02,1.47,0.41,0.4,0.36,0.64,0.36,0.18,1.5,1.48,0.11,1.48,0.3,1.5,1.34,0.11,1.34,0.67,2.2,2.19,0.34,2.19,0.12,1.7,1.35,0.2,1.35,1.03,1.1,1.05,0.1,1.05,0.35,1.9599999999999997,0.16000000000000003,5.76,5.76,4.0,2.25,0.16000000000000003,2.25,2.25,4.840000000000001,2.8899999999999997,1.2100000000000002,1.7424000000000002,0.16000000000000003,5.1983999999999995,5.107599999999999,3.3856,2.1609,0.1296,2.1904,1.7956000000000003,4.7961,1.8225000000000002,1.1025,0.0256,0.0004,0.0001,0.12249999999999998,0.5041,0.16809999999999997,0.0324,0.09,0.4489000000000001,0.0144,1.0609,0.12249999999999998,0.0256,0.0576,0.2116,0.11560000000000002,0.0016,0.0004,0.4096,0.0121,0.0121,0.11560000000000002,0.04000000000000001,0.010000000000000002
130.0,2.21,8.881,115.82,-4.84,-60.09,37.6,-4.837,-7.845,32.409,-31.123,17.413,-20.406,95.729,-71.844,119.819,1.4,1.32,0.16,1.32,0.16,0.4,0.42,0.2,0.42,0.04,2.4,2.28,0.46,2.28,0.01,2.4,2.24,0.28,2.24,0.23,2.0,1.84,0.04,1.84,0.71,1.5,1.47,0.02,1.47,0.41,0.4,0.36,0.64,0.36,0.18,1.5,1.48,0.11,1.48,0.3,1.5,1.34,0.11,1.34,0.67,2.2,2.19,0.34,2.19,0.12,1.7,1.35,0.2,1.35,1.03,1.0,0.98,0.16,0.98,0.31,1.9599999999999997,0.16000000000000003,5.76,5.76,4.0,2.25,0.16000000000000003,2.25,2.25,4.840000000000001,2.8899999999999997,1.0,1.7424000000000002,0.17639999999999997,5.1983999999999995,5.017600000000001,3.3856,2.1609,0.1296,2.1904,1.7956000000000003,4.7961,1.8225000000000002,0.9603999999999999,0.0256,0.0016,0.0001,0.0529,0.5041,0.16809999999999997,0.0324,0.09,0.4489000000000001,0.0144,1.0609,0.0961,0.0256,0.04000000000000001,0.2116,0.07840000000000001,0.0016,0.0004,0.4096,0.0121,0.0121,0.11560000000000002,0.04000000000000001,0.0256
131.0,2.2,8.911,116.63,-4.89,-60.69,37.6,-5.003,-7.715,32.408,-30.884,17.398,-20.457,95.763,-71.964,119.918,1.4,1.32,0.16,1.32,0.16,0.4,0.42,0.2,0.42,0.04,2.4,2.28,0.46,2.28,0.01,2.4,2.24,0.28,2.24,0.23,2.0,1.84,0.04,1.84,0.71,1.5,1.47,0.02,1.47,0.41,0.4,0.36,0.64,0.36,0.18,1.5,1.48,0.11,1.48,0.3,1.5,1.34,0.11,1.34,0.67,2.2,2.19,0.34,2.19,0.12,1.7,1.35,0.2,1.35,1.03,1.0,0.98,0.16,0.98,0.31,1.9599999999999997,0.16000000000000003,5.76,5.76,4.0,2.25,0.16000000000000003,2.25,2.25,4.840000000000001,2.8899999999999997,1.0,1.7424000000000002,0.17639999999999997,5.1983999999999995,5.017600000000001,3.3856,2.1609,0.1296,2.1904,1.7956000000000003,4.7961,1.8225000000000002,0.9603999999999999,0.0256,0.0016,0.0001,0.0529,0.5041,0.16809999999999997,0.0324,0.09,0.4489000000000001,0.0144,1.0609,0.0961,0.0256,0.04000000000000001,0.2116,0.07840000000000001,0.0016,0.0004,0.4096,0.0121,0.0121,0.11560000000000002,0.04000000000000001,0.0256
132.0,2.19,8.941,117.43,-4.94,-61.3,37.5,-5.141,-7.58,32.384,-30.646,17.331,-20.506,95.838,-72.111,120.066,1.4,1.32,0.16,1.32,0.16,0.4,0.42,0.2,0.42,0.04,2.4,2.28,0.46,2.28,0.01,2.4,2.24,0.28,2.24,0.23,2.0,1.84,0.04,1.84,0.71,1.5,1.47,0.02,1.47,0.41,0.4,0.36,0.64,0.36,0.18,1.5,1.48,0.11,1.48,0.3,1.5,1.34,0.11,1.34,0.67,2.2,2.19,0.34,2.19,0.12,1.7,1.35,0.2,1.35,1.03,1.0,0.98,0.16,0.98,0.31,1.9599999999999997,0.16000000000000003,5.76,5.76,4.0,2.25,0.16000000000000003,2.25,2.25,4.840000000000001,2.8899999999999997,1.0,1.7424000000000002,0.17639999999999997,5.1983999999999995,5.017600000000001,3.3856,2.1609,0.1296,2.1904,1.7956000000000003,4.7961,1.8225000000000002,0.9603999999999999,0.0256,0.0016,0.0001,0.0529,0.5041,0.16809999999999997,0.0324,0.09,0.4489000000000001,0.0144,1.0609,0.0961,0.0256,0.04000000000000001,0.2116,0.07840000000000001,0.0016,0.0004,0.4096,0.0121,0.0121,0.11560000000000002,0.04000000000000001,0.0256
133.0,2.19,8.971,118.23,-4.98,-61.9,37.3,-5.22,-7.446,32.317,-30.41,17.16,-20.556,95.999,-72.316,120.317,1.4,1.32,0.16,1.32,0.16,0.4,0.42,0.2,0.42,0.04,2.4,2.28,0.46,2.28,0.01,2.4,2.24,0.28,2.24,0.23,2.0,1.84,0.04,1.84,0.71,1.5,1.47,0.02,1.47,0.41,0.4,0.36,0.64,0.36,0.18,1.5,1.48,0.11,1.48,0.3,1.5,1.34,0.11,1.34,0.67,2.2,2.19,0.34,2.19,0.12,1.7,1.35,0.2,1.35,1.03,1.0,0.98,0.16,0.98,0.31,1.9599999999999997,0.16000000000000003,5.76,5.76,4.0,2.25,0.16000000000000003,2.25,2.25,4.840000000000001,2.8899999999999997,1.0,1.7424000000000002,0.17639999999999997,5.1983999999999995,5.017600000000001,3.3856,2.1609,0.1296,2.1904,1.7956000000000003,4.7961,1.8225000000000002,0.9603999999999999,0.0256,0.0016,0.0001,0.0529,0.5041,0.16809999999999997,0.0324,0.09,0.4489000000000001,0.0144,1.0609,0.0961,0.0256,0.04000000000000001,0.2116,0.07840000000000001,0.0016,0.0004,0.4096,0.0121,0.0121,0.11560000000000002,0.04000000000000001,0.0256
134.0,2.18,9.001,119.03,-5.03,-62.5,37.1,-5.179,-7.312,32.228,-30.174,16.914,-20.605,96.088,-72.363,120.42,1.4,1.32,0.16,1.32,0.16,0.4,0.42,0.2,0.42,0.04,2.4,2.28,0.46,2.28,0.01,2.4,2.24,0.28,2.24,0.23,2.0,1.84,0.04,1.84,0.71,1.5,1.47,0.02,1.47,0.41,0.4,0.36,0.64,0.36,0.18,1.5,1.48,0.11,1.48,0.3,1.5,1.34,0.11,1.34,0.67,2.2,2.19,0.34,2.19,0.12,1.7,1.35,0.2,1.35,1.03,1.0,0.98,0.16,0.98,0.31,1.9599999999999997,0.16000000000000003,5.76,5.76,4.0,2.25,0.16000000000000003,2.25,2.25,4.840000000000001,2.8899999999999997,1.0,1.7424000000000002,0.17639999999999997,5.1983999999999995,5.017600000000001,3.3856,2.1609,0.1296,2.1904,1.7956000000000003,4.7961,1.8225000000000002,0.9603999999999999,0.0256,0.0016,0.0001,0.0529,0.5041,0.16809999999999997,0.0324,0.09,0.4489000000000001,0.0144,1.0609,0.0961,0.0256,0.04000000000000001,0.2116,0.07840000000000001,0.0016,0.0004,0.4096,0.0121,0.0121,0.11560000000000002,0.04000000000000001,0.0256
135.0,2.17,9.031,119.83,-5.09,-63.1,36.8,-5.077,-7.177,32.128,-29.937,16.628,-20.654,96.142,-72.33,120.448,1.4,1.32,0.16,1.32,0.16,0.4,0.42,0.2,0.42,0.04,2.4,2.28,0.46,2.28,0.01,2.4,2.24,0.28,2.24,0.23,2.0,1.84,0.04,1.84,0.71,1.5,1.47,0.02,1.47,0.41,0.4,0.36,0.64,0.36,0.18,1.5,1.48,0.11,1.48,0.3,1.5,1.34,0.11,1.34,0.67,2.2,2.19,0.34,2.19,0.12,1.7,1.35,0.2,1.35,1.03,1.0,0.98,0.16,0.98,0.31,1.9599999999999997,0.16000000000000003,5.76,5.76,4.0,2.25,0.16000000000000003,2.25,2.25,4.840000000000001,2.8899999999999997,1.0,1.7424000000000002,0.17639999999999997,5.1983999999999995,5.017600000000001,3.3856,2.1609,0.1296,2.1904,1.7956000000000003,4.7961,1.8225000000000002,0.9603999999999999,0.0256,0.0016,0.0001,0.0529,0.5041,0.16809999999999997,0.0324,0.09,0.4489000000000001,0.0144,1.0609,0.0961,0.0256,0.04000000000000001,0.2116,0.07840000000000001,0.0016,0.0004,0.4096,0.0121,0.0121,0.11560000000000002,0.04000000000000001,0.0256
136.0,2.16,9.061,120.63,-5.12,-63.7,36.7,-4.811,-7.043,31.527,-29.701,16.307,-20.703,96.163,-72.212,120.395,1.4,1.32,0.16,1.32,0.16,0.4,0.42,0.2,0.42,0.04,2.4,2.28,0.46,2.28,0.01,2.4,2.24,0.28,2.24,0.23,2.0,1.84,0.04,1.84,0.71,1.5,1.47,0.02,1.47,0.41,0.4,0.36,0.64,0.36,0.18,1.5,1.48,0.11,1.48,0.3,1.5,1.34,0.11,1.34,0.67,2.2,2.19,0.34,2.19,0.12,1.7,1.35,0.2,1.35,1.03,1.0,0.98,0.16,0.98,0.31,1.9599999999999997,0.16000000000000003,5.76,5.76,4.0,2.25,0.16000000000000003,2.25,2.25,4.840000000000001,2.8899999999999997,1.0,1.7424000000000002,0.17639999999999997,5.1983999999999995,5.017600000000001,3.3856,2.1609,0.1296,2.1904,1.7956000000000003,4.7961,1.8225000000000002,0.9603999999999999,0.0256,0.0016,0.0001,0.0529,0.5041,0.16809999999999997,0.0324,0.09,0.4489000000000001,0.0144,1.0609,0.0961,0.0256,0.04000000000000001,0.2116,0.07840000000000001,0.0016,0.0004,0.4096,0.0121,0.0121,0.11560000000000002,0.04000000000000001,0.0256
137.0,2.16,9.091,121.43,-5.17,-64.3,36.6,-4.473,-6.931,30.947,-29.697,15.999,-20.814,96.181,-72.15,120.373,1.4,1.32,0.16,1.32,0.16,0.4,0.42,0.2,0.42,0.04,2.4,2.28,0.46,2.28,0.01,2.4,2.24,0.28,2.24,0.23,2.0,1.84,0.04,1.84,0.71,1.5,1.47,0.02,1.47,0.41,0.4,0.36,0.64,0.36,0.18,1.5,1.48,0.11,1.48,0.3,1.5,1.34,0.11,1.34,0.67,2.2,2.19,0.34,2.19,0.12,1.7,1.35,0.2,1.35,1.03,1.0,0.98,0.16,0.98,0.31,1.9599999999999997,0.16000000000000003,5.76,5.76,4.0,2.25,0.16000000000000003,2.25,2.25,4.840000000000001,2.8899999999999997,1.0,1.7424000000000002,0.17639999999999997,5.1983999999999995,5.017600000000001,3.3856,2.1609,0.1296,2.1904,1.7956000000000003,4.7961,1.8225000000000002,0.9603999999999999,0.0256,0.0016,0.0001,0.0529,0.5041,0.16809999999999997,0.0324,0.09,0.4489000000000001,0.0144,1.0609,0.0961,0.0256,0.04000000000000001,0.2116,0.07840000000000001,0.0016,0.0004,0.4096,0.0121,0.0121,0.11560000000000002,0.04000000000000001,0.0256
138.0,2.16,9.121,122.23,-5.22,-64.9,36.3,-3.987,-6.864,30.409,-30.161,15.715,-21.049,96.191,-72.204,120.414,1.4,1.32,0.16,1.32,0.16,0.4,0.42,0.2,0.42,0.04,2.4,2.28,0.46,2.28,0.01,2.4,2.24,0.28,2.24,0.23,2.0,1.84,0.04,1.84,0.71,1.5,1.47,0.02,1.47,0.41,0.4,0.36,0.64,0.36,0.18,1.5,1.48,0.11,1.48,0.3,1.5,1.34,0.11,1.34,0.67,2.2,2.19,0.34,2.19,0.12,1.7,1.35,0.2,1.35,1.03,1.0,0.98,0.16,0.98,0.31,1.9599999999999997,0.16000000000000003,5.76,5.76,4.0,2.25,0.16000000000000003,2.25,2.25,4.840000000000001,2.8899999999999997,1.0,1.7424000000000002,0.17639999999999997,5.1983999999999995,5.017600000000001,3.3856,2.1609,0.1296,2.1904,1.7956000000000003,4.7961,1.8225000000000002,0.9603999999999999,0.0256,0.0016,0.0001,0.0529,0.5041,0.16809999999999997,0.0324,0.09,0.4489000000000001,0.0144,1.0609,0.0961,0.0256,0.04000000000000001,0.2116,0.07840000000000001,0.0016,0.0004,0.4096,0.0121,0.0121,0.11560000000000002,0.04000000000000001,0.0256
139.0,2.16,9.151,123.03,-5.27,-65.5,36.3,-3.419,-6.797,30.381,-30.627,15.541,-21.284,96.215,-72.191,120.425,1.3,1.32,0.12,1.32,0.08,0.5,0.46,0.15,0.46,0.06,2.3,2.18,0.29,2.18,0.03,2.3,2.24,0.23,2.24,0.29,2.0,1.98,0.0,1.98,0.34,1.6,1.5,0.02,1.5,0.35,0.4,0.29,0.62,0.29,0.2,1.6,1.54,0.14,1.54,0.31,1.7,1.55,0.1,1.55,0.73,2.3,2.24,0.27,2.24,0.22,1.7,1.29,0.21,1.29,1.06,0.9,0.88,0.24,0.88,0.32,1.6900000000000002,0.25,5.289999999999999,5.289999999999999,4.0,2.5600000000000005,0.16000000000000003,2.5600000000000005,2.8899999999999997,5.289999999999999,2.8899999999999997,0.81,1.7424000000000002,0.2116,4.752400000000001,5.017600000000001,3.9204,2.25,0.0841,2.3716,2.4025000000000003,5.017600000000001,1.6641000000000001,0.7744,0.0064,0.0036,0.0009,0.0841,0.11560000000000002,0.12249999999999998,0.04000000000000001,0.0961,0.5328999999999999,0.0484,1.1236000000000002,0.1024,0.0144,0.0225,0.0841,0.0529,0.0,0.0004,0.3844,0.019600000000000003,0.010000000000000002,0.0729,0.04409999999999999,0.0576
140.0,2.17,9.181,123.84,-5.31,-66.1,36.5,-2.81,-6.729,30.618,-31.093,15.423,-21.52,96.247,-72.144,120.422,1.3,1.32,0.12,1.32,0.08,0.5,0.46,0.15,0.46,0.06,2.3,2.18,0.29,2.18,0.03,2.3,2.24,0.23,2.24,0.29,2.0,1.98,0.0,1.98,0.34,1.6,1.5,0.02,1.5,0.35,0.4,0.29,0.62,0.29,0.2,1.6,1.54,0.14,1.54,0.31,1.7,1.55,0.1,1.55,0.73,2.3,2.24,0.27,2.24,0.22,1.7,1.29,0.21,1.29,1.06,0.9,0.88,0.24,0.88,0.32,1.6900000000000002,0.25,5.289999999999999,5.289999999999999,4.0,2.5600000000000005,0.16000000000000003,2.5600000000000005,2.8899999999999997,5.289999999999999,2.8899999999999997,0.81,1.7424000000000002,0.2116,4.752400000000001,5.017600000000001,3.9204,2.25,0.0841,2.3716,2.4025000000000003,5.017600000000001,1.6641000000000001,0.7744,0.0064,0.0036,0.0009,0.0841,0.11560000000000002,0.12249999999999998,0.04000000000000001,0.0961,0.5328999999999999,0.0484,1.1236000000000002,0.1024,0.0144,0.0225,0.0841,0.0529,0.0,0.0004,0.3844,0.019600000000000003,0.010000000000000002,0.0729,0.04409999999999999,0.0576
141.0,2.17,9.211,124.64,-5.36,-66.7,36.8,-2.201,-6.662,30.855,-31.56,15.306,-21.756,96.279,-72.097,120.418,1.3,1.32,0.12,1.32,0.08,0.5,0.46,0.15,0.46,0.06,2.3,2.18,0.29,2.18,0.03,2.3,2.24,0.23,2.24,0.29,2.0,1.98,0.0,1.98,0.34,1.6,1.5,0.02,1.5,0.35,0.4,0.29,0.62,0.29,0.2,1.6,1.54,0.14,1.54,0.31,1.7,1.55,0.1,1.55,0.73,2.3,2.24,0.27,2.24,0.22,1.7,1.29,0.21,1.29,1.06,0.9,0.88,0.24,0.88,0.32,1.6900000000000002,0.25,5.289999999999999,5.289999999999999,4.0,2.5600000000000005,0.16000000000000003,2.5600000000000005,2.8899999999999997,5.289999999999999,2.8899999999999997,0.81,1.7424000000000002,0.2116,4.752400000000001,5.017600000000001,3.9204,2.25,0.0841,2.3716,2.4025000000000003,5.017600000000001,1.6641000000000001,0.7744,0.0064,0.0036,0.0009,0.0841,0.11560000000000002,0.12249999999999998,0.04000000000000001,0.0961,0.5328999999999999,0.0484,1.1236000000000002,0.1024,0.0144,0.0225,0.0841,0.0529,0.0,0.0004,0.3844,0.019600000000000003,0.010000000000000002,0.0729,0.04409999999999999,0.0576
142.0,2.17,9.241,125.44,-5.41,-67.3,37.0,-1.591,-6.594,31.092,-32.027,15.188,-21.992,96.311,-72.05,120.414,1.3,1.32,0.12,1.32,0.08,0.5,0.46,0.15,0.46,0.06,2.3,2.18,0.29,2.18,0.03,2.3,2.24,0.23,2.24,0.29,2.0,1.98,0.0,1.98,0.34,1.6,1.5,0.02,1.5,0.35,0.4,0.29,0.62,0.29,0.2,1.6,1.54,0.14,1.54,0.31,1.7,1.55,0.1,1.55,0.73,2.3,2.24,0.27,2.24,0.22,1.7,1.29,0.21,1.29,1.06,0.9,0.88,0.24,0.88,0.32,1.6900000000000002,0.25,5.289999999999999,5.289999999999999,4.0,2.5600000000000005,0.16000000000000003,2.5600000000000005,2.8899999999999997,5.289999999999999,2.8899999999999997,0.81,1.7424000000000002,0.2116,4.752400000000001,5.017600000000001,3.9204,2.25,0.0841,2.3716,2.4025000000000003,5.017600000000001,1.6641000000000001,0.7744,0.0064,0.0036,0.0009,0.0841,0.11560000000000002,0.12249999999999998,0.04000000000000001,0.0961,0.5328999999999999,0.0484,1.1236000000000002,0.1024,0.0144,0.0225,0.0841,0.0529,0.0,0.0004,0.3844,0.019600000000000003,0.010000000000000002,0.0729,0.04409999999999999,0.0576
143.0,2.18,9.271,126.24,-5.45,-67.9,37.2,-0.982,-6.526,31.328,-32.494,15.071,-22.228,96.343,-72.003,120.411,1.3,1.32,0.12,1.32,0.08,0.5,0.46,0.15,0.46,0.06,2.3,2.18,0.29,2.18,0.03,2.3,2.24,0.23,2.24,0.29,2.0,1.98,0.0,1.98,0.34,1.6,1.5,0.02,1.5,0.35,0.4,0.29,0.62,0.29,0.2,1.6,1.54,0.14,1.54,0.31,1.7,1.55,0.1,1.55,0.73,2.3,2.24,0.27,2.24,0.22,1.7,1.29,0.21,1.29,1.06,0.9,0.88,0.24,0.88,0.32,1.6900000000000002,0.25,5.289999999999999,5.289999999999999,4.0,2.5600000000000005,0.16000000000000003,2.5600000000000005,2.8899999999999997,5.289999999999999,2.8899999999999997,0.81,1.7424000000000002,0.2116,4.752400000000001,5.017600000000001,3.9204,2.25,0.0841,2.3716,2.4025000000000003,5.017600000000001,1.6641000000000001,0.7744,0.0064,0.0036,0.0009,0.0841,0.11560000000000002,0.12249999999999998,0.04000000000000001,0.0961,0.5328999999999999,0.0484,1.1236000000000002,0.1024,0.0144,0.0225,0.0841,0.0529,0.0,0.0004,0.3844,0.019600000000000003,0.010000000000000002,0.0729,0.04409999999999999,0.0576
144.0,2.19,9.301,127.05,-5.5,-68.5,37.2,-0.344,-6.533,31.39,-33.1,14.947,-22.363,96.427,-72.021,120.489,1.3,1.32,0.12,1.32,0.08,0.5,0.46,0.15,0.46,0.06,2.3,2.18,0.29,2.18,0.03,2.3,2.24,0.23,2.24,0.29,2.0,1.98,0.0,1.98,0.34,1.6,1.5,0.02,1.5,0.35,0.4,0.29,0.62,0.29,0.2,1.6,1.54,0.14,1.54,0.31,1.7,1.55,0.1,1.55,0.73,2.3,2.24,0.27,2.24,0.22,1.7,1.29,0.21,1.29,1.06,0.9,0.88,0.24,0.88,0.32,1.6900000000000002,0.25,5.289999999999999,5.289999999999999,4.0,2.5600000000000005,0.16000000000000003,2.5600000000000005,2.8899999999999997,5.289999999999999,2.8899999999999997,0.81,1.7424000000000002,0.2116,4.752400000000001,5.017600000000001,3.9204,2.25,0.0841,2.3716,2.4025000000000003,5.017600000000001,1.6641000000000001,0.7744,0.0064,0.0036,0.0009,0.0841,0.11560000000000002,0.12249999999999998,0.04000000000000001,0.0961,0.5328999999999999,0.0484,1.1236000000000002,0.1024,0.0144,0.0225,0.0841,0.0529,0.0,0.0004,0.3844,0.019600000000000003,0.010000000000000002,0.0729,0.04409999999999999,0.0576
145.0,2.19,9.331,127.85,-5.54,-69.1,37.2,0.309,-6.577,31.364,-33.775,14.82,-22.447,96.537,-72.072,120.608,1.3,1.32,0.12,1.32,0.08,0.5,0.46,0.15,0.46,0.06,2.3,2.18,0.29,2.18,0.03,2.3,2.24,0.23,2.24,0.29,2.0,1.98,0.0,1.98,0.34,1.6,1.5,0.02,1.5,0.35,0.4,0.29,0.62,0.29,0.2,1.6,1.54,0.14,1.54,0.31,1.7,1.55,0.1,1.55,0.73,2.3,2.24,0.27,2.24,0.22,1.7,1.29,0.21,1.29,1.06,0.9,0.88,0.24,0.88,0.32,1.6900000000000002,0.25,5.289999999999999,5.289999999999999,4.0,2.5600000000000005,0.16000000000000003,2.5600000000000005,2.8899999999999997,5.289999999999999,2.8899999999999997,0.81,1.7424000000000002,0.2116,4.752400000000001,5.017600000000001,3.9204,2.25,0.0841,2.3716,2.4025000000000003,5.017600000000001,1.6641000000000001,0.7744,0.0064,0.0036,0.0009,0.0841,0.11560000000000002,0.12249999999999998,0.04000000000000001,0.0961,0.5328999999999999,0.0484,1.1236000000000002,0.1024,0.0144,0.0225,0.0841,0.0529,0.0,0.0004,0.3844,0.019600000000000003,0.010000000000000002,0.0729,0.04409999999999999,0.0576
146.0,2.2,9.361,128.65,-5.6,-69.7,37.1,0.807,-6.598,31.953,-34.036,14.761,-22.39,96.518,-72.091,120.6,1.3,1.32,0.12,1.32,0.08,0.5,0.46,0.15,0.46,0.06,2.3,2.18,0.29,2.18,0.03,2.3,2.24,0.23,2.24,0.29,2.0,1.98,0.0,1.98,0.34,1.6,1.5,0.02,1.5,0.35,0.4,0.29,0.62,0.29,0.2,1.6,1.54,0.14,1.54,0.31,1.7,1.55,0.1,1.55,0.73,2.3,2.24,0.27,2.24,0.22,1.7,1.29,0.21,1.29,1.06,0.9,0.88,0.24,0.88,0.32,1.6900000000000002,0.25,5.289999999999999,5.289999999999999,4.0,2.5600000000000005,0.16000000000000003,2.5600000000000005,2.8899999999999997,5.289999999999999,2.8899999999999997,0.81,1.7424000000000002,0.2116,4.752400000000001,5.017600000000001,3.9204,2.25,0.0841,2.3716,2.4025000000000003,5.017600000000001,1.6641000000000001,0.7744,0.0064,0.0036,0.0009,0.0841,0.11560000000000002,0.12249999999999998,0.04000000000000001,0.0961,0.5328999999999999,0.0484,1.1236000000000002,0.1024,0.0144,0.0225,0.0841,0.0529,0.0,0.0004,0.3844,0.019600000000000003,0.010000000000000002,0.0729,0.04409999999999999,0.0576
147.0,2.21,9.391,129.45,-5.64,-70.3,37.0,1.191,-6.574,32.56,-34.056,14.75,-22.276,96.548,-72.166,120.666,1.3,1.28,0.06,1.28,0.13,0.5,0.49,0.12,0.49,0.05,1.9,1.86,0.13,1.86,0.0,2.3,2.22,0.19,2.22,0.2,2.0,1.96,0.0,1.96,0.4,1.6,1.51,0.03,1.51,0.39,0.5,0.45,0.36,0.45,0.2,1.7,1.6,0.19,1.6,0.32,1.8,1.64,0.2,1.64,0.78,2.3,2.22,0.25,2.22,0.29,1.6,1.3,0.24,1.3,0.95,0.9,0.84,0.26,0.84,0.36,1.6900000000000002,0.25,3.61,5.289999999999999,4.0,2.5600000000000005,0.25,2.8899999999999997,3.24,5.289999999999999,2.5600000000000005,0.81,1.6384,0.24009999999999998,3.4596000000000005,4.928400000000001,3.8415999999999997,2.2801,0.2025,2.5600000000000005,2.6895999999999995,4.928400000000001,1.6900000000000002,0.7055999999999999,0.016900000000000002,0.0025000000000000005,0.0,0.04000000000000001,0.16000000000000003,0.1521,0.04000000000000001,0.1024,0.6084,0.0841,0.9025,0.1296,0.0036,0.0144,0.016900000000000002,0.0361,0.0,0.0009,0.1296,0.0361,0.04000000000000001,0.0625,0.0576,0.06760000000000001
148.0,2.22,9.421,130.25,-5.69,-70.9,36.9,1.339,-6.455,33.206,-33.581,14.84,-22.045,96.679,-72.356,120.885,1.3,1.28,0.06,1.28,0.13,0.5,0.49,0.12,0.49,0.05,1.9,1.86,0.13,1.86,0.0,2.3,2.22,0.19,2.22,0.2,2.0,1.96,0.0,1.96,0.4,1.6,1.51,0.03,1.51,0.39,0.5,0.45,0.36,0.45,0.2,1.7,1.6,0.19,1.6,0.32,1.8,1.64,0.2,1.64,0.78,2.3,2.22,0.25,2.22,0.29,1.6,1.3,0.24,1.3,0.95,0.9,0.84,0.26,0.84,0.36,1.6900000000000002,0.25,3.61,5.289999999999999,4.0,2.5600000000000005,0.25,2.8899999999999997,3.24,5.289999999999999,2.5600000000000005,0.81,1.6384,0.24009999999999998,3.4596000000000005,4.928400000000001,3.8415999999999997,2.2801,0.2025,2.5600000000000005,2.6895999999999995,4.928400000000001,1.6900000000000002,0.7055999999999999,0.016900000000000002,0.0025000000000000005,0.0,0.04000000000000001,0.16000000000000003,0.1521,0.04000000000000001,0.1024,0.6084,0.0841,0.9025,0.1296,0.0036,0.0144,0.016900000000000002,0.0361,0.0,0.0009,0.1296,0.0361,0.04000000000000001,0.0625,0.0576,0.06760000000000001
149.0,2.23,9.45,131.06,-5.73,-71.5,36.7,1.318,-6.314,33.63,-33.296,14.959,-21.755,96.726,-72.379,120.936,1.3,1.28,0.06,1.28,0.13,0.5,0.49,0.12,0.49,0.05,1.9,1.86,0.13,1.86,0.0,2.3,2.22,0.19,2.22,0.2,2.0,1.96,0.0,1.96,0.4,1.6,1.51,0.03,1.51,0.39,0.5,0.45,0.36,0.45,0.2,1.7,1.6,0.19,1.6,0.32,1.8,1.64,0.2,1.64,0.78,2.3,2.22,0.25,2.22,0.29,1.6,1.3,0.24,1.3,0.95,0.9,0.84,0.26,0.84,0.36,1.6900000000000002,0.25,3.61,5.289999999999999,4.0,2.5600000000000005,0.25,2.8899999999999997,3.24,5.289999999999999,2.5600000000000005,0.81,1.6384,0.24009999999999998,3.4596000000000005,4.928400000000001,3.8415999999999997,2.2801,0.2025,2.5600000000000005,2.6895999999999995,4.928400000000001,1.6900000000000002,0.7055999999999999,0.016900000000000002,0.0025000000000000005,0.0,0.04000000000000001,0.16000000000000003,0.1521,0.04000000000000001,0.1024,0.6084,0.0841,0.9025,0.1296,0.0036,0.0144,0.016900000000000002,0.0361,0.0,0.0009,0.1296,0.0361,0.04000000000000001,0.0625,0.0576,0.06760000000000001
150.0,2.24,9.48,131.86,-5.78,-72.1,36.5,1.206,-6.162,33.936,-33.113,15.095,-21.434,96.728,-72.311,120.898,1.3,1.28,0.06,1.28,0.13,0.5,0.49,0.12,0.49,0.05,1.9,1.86,0.13,1.86,0.0,2.3,2.22,0.19,2.22,0.2,2.0,1.96,0.0,1.96,0.4,1.6,1.51,0.03,1.51,0.39,0.5,0.45,0.36,0.45,0.2,1.7,1.6,0.19,1.6,0.32,1.8,1.64,0.2,1.64,0.78,2.3,2.22,0.25,2.22,0.29,1.6,1.3,0.24,1.3,0.95,0.9,0.84,0.26,0.84,0.36,1.6900000000000002,0.25,3.61,5.289999999999999,4.0,2.5600000000000005,0.25,2.8899999999999997,3.24,5.289999999999999,2.5600000000000005,0.81,1.6384,0.24009999999999998,3.4596000000000005,4.928400000000001,3.8415999999999997,2.2801,0.2025,2.5600000000000005,2.6895999999999995,4.928400000000001,1.6900000000000002,0.7055999999999999,0.016900000000000002,0.0025000000000000005,0.0,0.04000000000000001,0.16000000000000003,0.1521,0.04000000000000001,0.1024,0.6084,0.0841,0.9025,0.1296,0.0036,0.0144,0.016900000000000002,0.0361,0.0,0.0009,0.1296,0.0361,0.04000000000000001,0.0625,0.0576,0.06760000000000001
151.0,2.25,9.51,132.66,-5.83,-72.7,36.2,1.014,-5.988,33.886,-32.758,15.148,-21.041,96.73,-72.443,120.977,1.3,1.28,0.06,1.28,0.13,0.5,0.49,0.12,0.49,0.05,1.9,1.86,0.13,1.86,0.0,2.3,2.22,0.19,2.22,0.2,2.0,1.96,0.0,1.96,0.4,1.6,1.51,0.03,1.51,0.39,0.5,0.45,0.36,0.45,0.2,1.7,1.6,0.19,1.6,0.32,1.8,1.64,0.2,1.64,0.78,2.3,2.22,0.25,2.22,0.29,1.6,1.3,0.24,1.3,0.95,0.9,0.84,0.26,0.84,0.36,1.6900000000000002,0.25,3.61,5.289999999999999,4.0,2.5600000000000005,0.25,2.8899999999999997,3.24,5.289999999999999,2.5600000000000005,0.81,1.6384,0.24009999999999998,3.4596000000000005,4.928400000000001,3.8415999999999997,2.2801,0.2025,2.5600000000000005,2.6895999999999995,4.928400000000001,1.6900000000000002,0.7055999999999999,0.016900000000000002,0.0025000000000000005,0.0,0.04000000000000001,0.16000000000000003,0.1521,0.04000000000000001,0.1024,0.6084,0.0841,0.9025,0.1296,0.0036,0.0144,0.016900000000000002,0.0361,0.0,0.0009,0.1296,0.0361,0.04000000000000001,0.0625,0.0576,0.06760000000000001
152.0,2.26,9.54,133.46,-5.88,-73.3,35.8,0.846,-5.8,33.756,-32.463,15.251,-20.63,96.73,-72.508,121.013,1.3,1.28,0.06,1.28,0.13,0.5,0.49,0.12,0.49,0.05,1.9,1.86,0.13,1.86,0.0,2.3,2.22,0.19,2.22,0.2,2.0,1.96,0.0,1.96,0.4,1.6,1.51,0.03,1.51,0.39,0.5,0.45,0.36,0.45,0.2,1.7,1.6,0.19,1.6,0.32,1.8,1.64,0.2,1.64,0.78,2.3,2.22,0.25,2.22,0.29,1.6,1.3,0.24,1.3,0.95,0.9,0.84,0.26,0.84,0.36,1.6900000000000002,0.25,3.61,5.289999999999999,4.0,2.5600000000000005,0.25,2.8899999999999997,3.24,5.289999999999999,2.5600000000000005,0.81,1.6384,0.24009999999999998,3.4596000000000005,4.928400000000001,3.8415999999999997,2.2801,0.2025,2.5600000000000005,2.6895999999999995,4.928400000000001,1.6900000000000002,0.7055999999999999,0.016900000000000002,0.0025000000000000005,0.0,0.04000000000000001,0.16000000000000003,0.1521,0.04000000000000001,0.1024,0.6084,0.0841,0.9025,0.1296,0.0036,0.0144,0.016900000000000002,0.0361,0.0,0.0009,0.1296,0.0361,0.04000000000000001,0.0625,0.0576,0.06760000000000001
153.0,2.27,9.57,134.26,-5.92,-73.9,35.3,0.743,-5.582,33.463,-32.318,15.478,-20.183,96.724,-72.407,120.94,1.3,1.28,0.06,1.28,0.13,0.5,0.49,0.12,0.49,0.05,1.9,1.86,0.13,1.86,0.0,2.3,2.22,0.19,2.22,0.2,2.0,1.96,0.0,1.96,0.4,1.6,1.51,0.03,1.51,0.39,0.5,0.45,0.36,0.45,0.2,1.7,1.6,0.19,1.6,0.32,1.8,1.64,0.2,1.64,0.78,2.3,2.22,0.25,2.22,0.29,1.6,1.3,0.24,1.3,0.95,0.9,0.84,0.26,0.84,0.36,1.6900000000000002,0.25,3.61,5.289999999999999,4.0,2.5600000000000005,0.25,2.8899999999999997,3.24,5.289999999999999,2.5600000000000005,0.81,1.6384,0.24009999999999998,3.4596000000000005,4.928400000000001,3.8415999999999997,2.2801,0.2025,2.5600000000000005,2.6895999999999995,4.928400000000001,1.6900000000000002,0.7055999999999999,0.016900000000000002,0.0025000000000000005,0.0,0.04000000000000001,0.16000000000000003,0.1521,0.04000000000000001,0.1024,0.6084,0.0841,0.9025,0.1296,0.0036,0.0144,0.016900000000000002,0.0361,0.0,0.0009,0.1296,0.0361,0.04000000000000001,0.0625,0.0576,0.06760000000000001
154.0,2.27,9.599,135.05,-5.97,-74.5,35.3,0.639,-5.425,33.17,-32.414,15.705,-20.08,96.763,-72.421,120.978,1.3,1.28,0.06,1.28,0.13,0.5,0.49,0.12,0.49,0.05,1.9,1.86,0.13,1.86,0.0,2.3,2.22,0.19,2.22,0.2,2.0,1.96,0.0,1.96,0.4,1.6,1.51,0.03,1.51,0.39,0.5,0.45,0.36,0.45,0.2,1.7,1.6,0.19,1.6,0.32,1.8,1.64,0.2,1.64,0.78,2.3,2.22,0.25,2.22,0.29,1.6,1.3,0.24,1.3,0.95,0.9,0.84,0.26,0.84,0.36,1.6900000000000002,0.25,3.61,5.289999999999999,4.0,2.5600000000000005,0.25,2.8899999999999997,3.24,5.289999999999999,2.5600000000000005,0.81,1.6384,0.24009999999999998,3.4596000000000005,4.928400000000001,3.8415999999999997,2.2801,0.2025,2.5600000000000005,2.6895999999999995,4.928400000000001,1.6900000000000002,0.7055999999999999,0.016900000000000002,0.0025000000000000005,0.0,0.04000000000000001,0.16000000000000003,0.1521,0.04000000000000001,0.1024,0.6084,0.0841,0.9025,0.1296,0.0036,0.0144,0.016900000000000002,0.0361,0.0,0.0009,0.1296,0.0361,0.04000000000000001,0.0625,0.0576,0.06760000000000001
155.0,2.28,9.629,135.85,-6.01,-75.1,35.6,0.536,-5.306,32.877,-32.66,15.932,-20.19,96.828,-72.506,121.084,1.3,1.28,0.06,1.28,0.13,0.5,0.49,0.12,0.49,0.05,1.9,1.86,0.13,1.86,0.0,2.3,2.22,0.19,2.22,0.2,2.0,1.96,0.0,1.96,0.4,1.6,1.51,0.03,1.51,0.39,0.5,0.45,0.36,0.45,0.2,1.7,1.6,0.19,1.6,0.32,1.8,1.64,0.2,1.64,0.78,2.3,2.22,0.25,2.22,0.29,1.6,1.3,0.24,1.3,0.95,0.9,0.84,0.26,0.84,0.36,1.6900000000000002,0.25,3.61,5.289999999999999,4.0,2.5600000000000005,0.25,2.8899999999999997,3.24,5.289999999999999,2.5600000000000005,0.81,1.6384,0.24009999999999998,3.4596000000000005,4.928400000000001,3.8415999999999997,2.2801,0.2025,2.5600000000000005,2.6895999999999995,4.928400000000001,1.6900000000000002,0.7055999999999999,0.016900000000000002,0.0025000000000000005,0.0,0.04000000000000001,0.16000000000000003,0.1521,0.04000000000000001,0.1024,0.6084,0.0841,0.9025,0.1296,0.0036,0.0144,0.016900000000000002,0.0361,0.0,0.0009,0.1296,0.0361,0.04000000000000001,0.0625,0.0576,0.06760000000000001
156.0,2.29,9.659,136.65,-6.06,-75.7,35.8,0.433,-5.188,32.584,-32.905,16.159,-20.3,96.894,-72.592,121.189,1.3,1.28,0.06,1.28,0.13,0.5,0.49,0.12,0.49,0.05,1.9,1.86,0.13,1.86,0.0,2.3,2.22,0.19,2.22,0.2,2.0,1.96,0.0,1.96,0.4,1.6,1.51,0.03,1.51,0.39,0.5,0.45,0.36,0.45,0.2,1.7,1.6,0.19,1.6,0.32,1.8,1.64,0.2,1.64,0.78,2.3,2.22,0.25,2.22,0.29,1.6,1.3,0.24,1.3,0.95,0.9,0.84,0.26,0.84,0.36,1.6900000000000002,0.25,3.61,5.289999999999999,4.0,2.5600000000000005,0.25,2.8899999999999997,3.24,5.289999999999999,2.5600000000000005,0.81,1.6384,0.24009999999999998,3.4596000000000005,4.928400000000001,3.8415999999999997,2.2801,0.2025,2.5600000000000005,2.6895999999999995,4.928400000000001,1.6900000000000002,0.7055999999999999,0.016900000000000002,0.0025000000000000005,0.0,0.04000000000000001,0.16000000000000003,0.1521,0.04000000000000001,0.1024,0.6084,0.0841,0.9025,0.1296,0.0036,0.0144,0.016900000000000002,0.0361,0.0,0.0009,0.1296,0.0361,0.04000000000000001,0.0625,0.0576,0.06760000000000001
157.0,2.29,9.688,137.45,-6.1,-76.3,36.1,0.33,-5.07,32.291,-33.15,16.386,-20.41,96.959,-72.677,121.295,1.3,1.28,0.06,1.28,0.13,0.5,0.49,0.12,0.49,0.05,1.9,1.86,0.13,1.86,0.0,2.3,2.22,0.19,2.22,0.2,2.0,1.96,0.0,1.96,0.4,1.6,1.51,0.03,1.51,0.39,0.5,0.45,0.36,0.45,0.2,1.7,1.6,0.19,1.6,0.32,1.8,1.64,0.2,1.64,0.78,2.3,2.22,0.25,2.22,0.29,1.6,1.3,0.24,1.3,0.95,0.9,0.84,0.26,0.84,0.36,1.6900000000000002,0.25,3.61,5.289999999999999,4.0,2.5600000000000005,0.25,2.8899999999999997,3.24,5.289999999999999,2.5600000000000005,0.81,1.6384,0.24009999999999998,3.4596000000000005,4.928400000000001,3.8415999999999997,2.2801,0.2025,2.5600000000000005,2.6895999999999995,4.928400000000001,1.6900000000000002,0.7055999999999999,0.016900000000000002,0.0025000000000000005,0.0,0.04000000000000001,0.16000000000000003,0.1521,0.04000000000000001,0.1024,0.6084,0.0841,0.9025,0.1296,0.0036,0.0144,0.016900000000000002,0.0361,0.0,0.0009,0.1296,0.0361,0.04000000000000001,0.0625,0.0576,0.06760000000000001
158.0,2.29,9.718,138.25,-6.15,-76.9,36.3,0.226,-4.951,31.998,-33.395,16.613,-20.52,97.024,-72.763,121.4,1.3,1.28,0.06,1.28,0.13,0.5,0.49,0.12,0.49,0.05,1.9,1.86,0.13,1.86,0.0,2.3,2.22,0.19,2.22,0.2,2.0,1.96,0.0,1.96,0.4,1.6,1.51,0.03,1.51,0.39,0.5,0.45,0.36,0.45,0.2,1.7,1.6,0.19,1.6,0.32,1.8,1.64,0.2,1.64,0.78,2.3,2.22,0.25,2.22,0.29,1.6,1.3,0.24,1.3,0.95,0.9,0.84,0.26,0.84,0.36,1.6900000000000002,0.25,3.61,5.289999999999999,4.0,2.5600000000000005,0.25,2.8899999999999997,3.24,5.289999999999999,2.5600000000000005,0.81,1.6384,0.24009999999999998,3.4596000000000005,4.928400000000001,3.8415999999999997,2.2801,0.2025,2.5600000000000005,2.6895999999999995,4.928400000000001,1.6900000000000002,0.7055999999999999,0.016900000000000002,0.0025000000000000005,0.0,0.04000000000000001,0.16000000000000003,0.1521,0.04000000000000001,0.1024,0.6084,0.0841,0.9025,0.1296,0.0036,0.0144,0.016900000000000002,0.0361,0.0,0.0009,0.1296,0.0361,0.04000000000000001,0.0625,0.0576,0.06760000000000001
159.0,2.3,9.748,139.05,-6.19,-77.5,36.6,0.123,-4.833,31.705,-33.641,16.839,-20.63,97.09,-72.848,121.506,1.3,1.28,0.06,1.28,0.13,0.5,0.49,0.12,0.49,0.05,1.9,1.86,0.13,1.86,0.0,2.3,2.22,0.19,2.22,0.2,2.0,1.96,0.0,1.96,0.4,1.6,1.51,0.03,1.51,0.39,0.5,0.45,0.36,0.45,0.2,1.7,1.6,0.19,1.6,0.32,1.8,1.64,0.2,1.64,0.78,2.3,2.22,0.25,2.22,0.29,1.6,1.3,0.24,1.3,0.95,0.9,0.84,0.26,0.84,0.36,1.6900000000000002,0.25,3.61,5.289999999999999,4.0,2.5600000000000005,0.25,2.8899999999999997,3.24,5.289999999999999,2.5600000000000005,0.81,1.6384,0.24009999999999998,3.4596000000000005,4.928400000000001,3.8415999999999997,2.2801,0.2025,2.5600000000000005,2.6895999999999995,4.928400000000001,1.6900000000000002,0.7055999999999999,0.016900000000000002,0.0025000000000000005,0.0,0.04000000000000001,0.16000000000000003,0.1521,0.04000000000000001,0.1024,0.6084,0.0841,0.9025,0.1296,0.0036,0.0144,0.016900000000000002,0.0361,0.0,0.0009,0.1296,0.0361,0.04000000000000001,0.0625,0.0576,0.06760000000000001
160.0,2.3,9.777,139.85,-6.23,-78.09,36.8,0.02,-4.714,31.413,-33.886,17.066,-20.74,97.155,-72.934,121.611,1.3,1.28,0.06,1.28,0.13,0.5,0.49,0.12,0.49,0.05,1.9,1.86,0.13,1.86,0.0,2.3,2.22,0.19,2.22,0.2,2.0,1.96,0.0,1.96,0.4,1.6,1.51,0.03,1.51,0.39,0.5,0.45,0.36,0.45,0.2,1.7,1.6,0.19,1.6,0.32,1.8,1.64,0.2,1.64,0.78,2.3,2.22,0.25,2.22,0.29,1.6,1.3,0.24,1.3,0.95,0.9,0.84,0.26,0.84,0.36,1.6900000000000002,0.25,3.61,5.289999999999999,4.0,2.5600000000000005,0.25,2.8899999999999997,3.24,5.289999999999999,2.5600000000000005,0.81,1.6384,0.24009999999999998,3.4596000000000005,4.928400000000001,3.8415999999999997,2.2801,0.2025,2.5600000000000005,2.6895999999999995,4.928400000000001,1.6900000000000002,0.7055999999999999,0.016900000000000002,0.0025000000000000005,0.0,0.04000000000000001,0.16000000000000003,0.1521,0.04000000000000001,0.1024,0.6084,0.0841,0.9025,0.1296,0.0036,0.0144,0.016900000000000002,0.0361,0.0,0.0009,0.1296,0.0361,0.04000000000000001,0.0625,0.0576,0.06760000000000001
161.0,2.3,9.807,140.64,-6.28,-78.69,37.1,-0.083,-4.596,31.12,-34.131,17.293,-20.85,97.221,-73.019,121.717,1.3,1.28,0.06,1.28,0.13,0.5,0.49,0.12,0.49,0.05,1.9,1.86,0.13,1.86,0.0,2.3,2.22,0.19,2.22,0.2,2.0,1.96,0.0,1.96,0.4,1.6,1.51,0.03,1.51,0.39,0.5,0.45,0.36,0.45,0.2,1.7,1.6,0.19,1.6,0.32,1.8,1.64,0.2,1.64,0.78,2.3,2.22,0.25,2.22,0.29,1.6,1.3,0.24,1.3,0.95,0.9,0.84,0.26,0.84,0.36,1.6900000000000002,0.25,3.61,5.289999999999999,4.0,2.5600000000000005,0.25,2.8899999999999997,3.24,5.289999999999999,2.5600000000000005,0.81,1.6384,0.24009999999999998,3.4596000000000005,4.928400000000001,3.8415999999999997,2.2801,0.2025,2.5600000000000005,2.6895999999999995,4.928400000000001,1.6900000000000002,0.7055999999999999,0.016900000000000002,0.0025000000000000005,0.0,0.04000000000000001,0.16000000000000003,0.1521,0.04000000000000001,0.1024,0.6084,0.0841,0.9025,0.1296,0.0036,0.0144,0.016900000000000002,0.0361,0.0,0.0009,0.1296,0.0361,0.04000000000000001,0.0625,0.0576,0.06760000000000001
162.0,2.29,9.837,141.44,-6.32,-79.29,37.3,-0.186,-4.477,30.827,-34.376,17.52,-20.96,97.286,-73.105,121.822,1.3,1.28,0.06,1.28,0.13,0.5,0.49,0.12,0.49,0.05,1.9,1.86,0.13,1.86,0.0,2.3,2.22,0.19,2.22,0.2,2.0,1.96,0.0,1.96,0.4,1.6,1.51,0.03,1.51,0.39,0.5,0.45,0.36,0.45,0.2,1.7,1.6,0.19,1.6,0.32,1.8,1.64,0.2,1.64,0.78,2.3,2.22,0.25,2.22,0.29,1.6,1.3,0.24,1.3,0.95,0.9,0.84,0.26,0.84,0.36,1.6900000000000002,0.25,3.61,5.289999999999999,4.0,2.5600000000000005,0.25,2.8899999999999997,3.24,5.289999999999999,2.5600000000000005,0.81,1.6384,0.24009999999999998,3.4596000000000005,4.928400000000001,3.8415999999999997,2.2801,0.2025,2.5600000000000005,2.6895999999999995,4.928400000000001,1.6900000000000002,0.7055999999999999,0.016900000000000002,0.0025000000000000005,0.0,0.04000000000000001,0.16000000000000003,0.1521,0.04000000000000001,0.1024,0.6084,0.0841,0.9025,0.1296,0.0036,0.0144,0.016900000000000002,0.0361,0.0,0.0009,0.1296,0.0361,0.04000000000000001,0.0625,0.0576,0.06760000000000001
163.0,2.29,9.866,142.24,-6.36,-79.89,37.6,-0.29,-4.359,30.534,-34.621,17.746,-21.069,97.352,-73.19,121.928,1.3,1.28,0.06,1.28,0.13,0.5,0.49,0.12,0.49,0.05,1.9,1.86,0.13,1.86,0.0,2.3,2.22,0.19,2.22,0.2,2.0,1.96,0.0,1.96,0.4,1.6,1.51,0.03,1.51,0.39,0.5,0.45,0.36,0.45,0.2,1.7,1.6,0.19,1.6,0.32,1.8,1.64,0.2,1.64,0.78,2.3,2.22,0.25,2.22,0.29,1.6,1.3,0.24,1.3,0.95,0.9,0.84,0.26,0.84,0.36,1.6900000000000002,0.25,3.61,5.289999999999999,4.0,2.5600000000000005,0.25,2.8899999999999997,3.24,5.289999999999999,2.5600000000000005,0.81,1.6384,0.24009999999999998,3.4596000000000005,4.928400000000001,3.8415999999999997,2.2801,0.2025,2.5600000000000005,2.6895999999999995,4.928400000000001,1.6900000000000002,0.7055999999999999,0.016900000000000002,0.0025000000000000005,0.0,0.04000000000000001,0.16000000000000003,0.1521,0.04000000000000001,0.1024,0.6084,0.0841,0.9025,0.1296,0.0036,0.0144,0.016900000000000002,0.0361,0.0,0.0009,0.1296,0.0361,0.04000000000000001,0.0625,0.0576,0.06760000000000001
164.0,2.28,9.896,143.04,-6.41,-80.49,37.9,-0.393,-4.241,30.242,-34.866,17.973,-21.179,97.417,-73.276,122.033,1.3,1.28,0.05,1.28,0.15,0.5,0.42,0.14,0.42,0.07,1.7,1.66,0.34,1.66,0.03,2.4,2.28,0.22,2.28,0.31,1.9,1.87,0.04,1.87,0.5,1.5,1.44,0.02,1.44,0.42,0.5,0.5,0.26,0.5,0.2,1.7,1.62,0.17,1.62,0.25,1.9,1.76,0.28,1.76,0.76,2.2,2.14,0.31,2.14,0.32,1.6,1.32,0.24,1.32,0.9,1.0,0.85,0.21,0.85,0.41,1.6900000000000002,0.25,2.8899999999999997,5.76,3.61,2.25,0.25,2.8899999999999997,3.61,4.840000000000001,2.5600000000000005,1.0,1.6384,0.17639999999999997,2.7556,5.1983999999999995,3.4969000000000006,2.0736,0.25,2.6244000000000005,3.0976,4.5796,1.7424000000000002,0.7224999999999999,0.0225,0.004900000000000001,0.0009,0.0961,0.25,0.17639999999999997,0.04000000000000001,0.0625,0.5776,0.1024,0.81,0.16809999999999997,0.0025000000000000005,0.019600000000000003,0.11560000000000002,0.0484,0.0016,0.0004,0.06760000000000001,0.028900000000000006,0.07840000000000001,0.0961,0.0576,0.04409999999999999
165.0,2.28,9.926,143.84,-6.45,-81.09,38.1,-0.496,-4.122,29.949,-35.112,18.2,-21.289,97.482,-73.361,122.139,1.3,1.28,0.05,1.28,0.15,0.5,0.42,0.14,0.42,0.07,1.7,1.66,0.34,1.66,0.03,2.4,2.28,0.22,2.28,0.31,1.9,1.87,0.04,1.87,0.5,1.5,1.44,0.02,1.44,0.42,0.5,0.5,0.26,0.5,0.2,1.7,1.62,0.17,1.62,0.25,1.9,1.76,0.28,1.76,0.76,2.2,2.14,0.31,2.14,0.32,1.6,1.32,0.24,1.32,0.9,1.0,0.85,0.21,0.85,0.41,1.6900000000000002,0.25,2.8899999999999997,5.76,3.61,2.25,0.25,2.8899999999999997,3.61,4.840000000000001,2.5600000000000005,1.0,1.6384,0.17639999999999997,2.7556,5.1983999999999995,3.4969000000000006,2.0736,0.25,2.6244000000000005,3.0976,4.5796,1.7424000000000002,0.7224999999999999,0.0225,0.004900000000000001,0.0009,0.0961,0.25,0.17639999999999997,0.04000000000000001,0.0625,0.5776,0.1024,0.81,0.16809999999999997,0.0025000000000000005,0.019600000000000003,0.11560000000000002,0.0484,0.0016,0.0004,0.06760000000000001,0.028900000000000006,0.07840000000000001,0.0961,0.0576,0.04409999999999999
166.0,2.27,9.955,144.64,-6.5,-81.69,38.4,-0.599,-4.004,29.656,-35.357,18.426,-21.399,97.548,-73.447,122.245,1.3,1.28,0.05,1.28,0.15,0.5,0.42,0.14,0.42,0.07,1.7,1.66,0.34,1.66,0.03,2.4,2.28,0.22,2.28,0.31,1.9,1.87,0.04,1.87,0.5,1.5,1.44,0.02,1.44,0.42,0.5,0.5,0.26,0.5,0.2,1.7,1.62,0.17,1.62,0.25,1.9,1.76,0.28,1.76,0.76,2.2,2.14,0.31,2.14,0.32,1.6,1.32,0.24,1.32,0.9,1.0,0.85,0.21,0.85,0.41,1.6900000000000002,0.25,2.8899999999999997,5.76,3.61,2.25,0.25,2.8899999999999997,3.61,4.840000000000001,2.5600000000000005,1.0,1.6384,0.17639999999999997,2.7556,5.1983999999999995,3.4969000000000006,2.0736,0.25,2.6244000000000005,3.0976,4.5796,1.7424000000000002,0.7224999999999999,0.0225,0.004900000000000001,0.0009,0.0961,0.25,0.17639999999999997,0.04000000000000001,0.0625,0.5776,0.1024,0.81,0.16809999999999997,0.0025000000000000005,0.019600000000000003,0.11560000000000002,0.0484,0.0016,0.0004,0.06760000000000001,0.028900000000000006,0.07840000000000001,0.0961,0.0576,0.04409999999999999
167.0,2.26,9.985,145.43,-6.54,-82.28,38.6,-0.682,-3.886,29.287,-35.602,18.628,-21.509,97.586,-73.466,122.287,1.3,1.28,0.05,1.28,0.15,0.5,0.42,0.14,0.42,0.07,1.7,1.66,0.34,1.66,0.03,2.4,2.28,0.22,2.28,0.31,1.9,1.87,0.04,1.87,0.5,1.5,1.44,0.02,1.44,0.42,0.5,0.5,0.26,0.5,0.2,1.7,1.62,0.17,1.62,0.25,1.9,1.76,0.28,1.76,0.76,2.2,2.14,0.31,2.14,0.32,1.6,1.32,0.24,1.32,0.9,1.0,0.85,0.21,0.85,0.41,1.6900000000000002,0.25,2.8899999999999997,5.76,3.61,2.25,0.25,2.8899999999999997,3.61,4.840000000000001,2.5600000000000005,1.0,1.6384,0.17639999999999997,2.7556,5.1983999999999995,3.4969000000000006,2.0736,0.25,2.6244000000000005,3.0976,4.5796,1.7424000000000002,0.7224999999999999,0.0225,0.004900000000000001,0.0009,0.0961,0.25,0.17639999999999997,0.04000000000000001,0.0625,0.5776,0.1024,0.81,0.16809999999999997,0.0025000000000000005,0.019600000000000003,0.11560000000000002,0.0484,0.0016,0.0004,0.06760000000000001,0.028900000000000006,0.07840000000000001,0.0961,0.0576,0.04409999999999999
168.0,2.25,10.014,146.23,-6.59,-82.88,38.6,-0.637,-3.768,28.417,-35.846,18.667,-21.618,97.447,-73.05,121.922,1.3,1.28,0.05,1.28,0.15,0.5,0.42,0.14,0.42,0.07,1.7,1.66,0.34,1.66,0.03,2.4,2.28,0.22,2.28,0.31,1.9,1.87,0.04,1.87,0.5,1.5,1.44,0.02,1.44,0.42,0.5,0.5,0.26,0.5,0.2,1.7,1.62,0.17,1.62,0.25,1.9,1.76,0.28,1.76,0.76,2.2,2.14,0.31,2.14,0.32,1.6,1.32,0.24,1.32,0.9,1.0,0.85,0.21,0.85,0.41,1.6900000000000002,0.25,2.8899999999999997,5.76,3.61,2.25,0.25,2.8899999999999997,3.61,4.840000000000001,2.5600000000000005,1.0,1.6384,0.17639999999999997,2.7556,5.1983999999999995,3.4969000000000006,2.0736,0.25,2.6244000000000005,3.0976,4.5796,1.7424000000000002,0.7224999999999999,0.0225,0.004900000000000001,0.0009,0.0961,0.25,0.17639999999999997,0.04000000000000001,0.0625,0.5776,0.1024,0.81,0.16809999999999997,0.0025000000000000005,0.019600000000000003,0.11560000000000002,0.0484,0.0016,0.0004,0.06760000000000001,0.028900000000000006,0.07840000000000001,0.0961,0.0576,0.04409999999999999
169.0,2.25,10.044,147.04,-6.65,-83.47,38.8,-0.69,-3.649,27.955,-36.092,18.623,-21.729,97.312,-72.705,121.605,1.3,1.28,0.05,1.28,0.15,0.5,0.42,0.14,0.42,0.07,1.7,1.66,0.34,1.66,0.03,2.4,2.28,0.22,2.28,0.31,1.9,1.87,0.04,1.87,0.5,1.5,1.44,0.02,1.44,0.42,0.5,0.5,0.26,0.5,0.2,1.7,1.62,0.17,1.62,0.25,1.9,1.76,0.28,1.76,0.76,2.2,2.14,0.31,2.14,0.32,1.6,1.32,0.24,1.32,0.9,1.0,0.85,0.21,0.85,0.41,1.6900000000000002,0.25,2.8899999999999997,5.76,3.61,2.25,0.25,2.8899999999999997,3.61,4.840000000000001,2.5600000000000005,1.0,1.6384,0.17639999999999997,2.7556,5.1983999999999995,3.4969000000000006,2.0736,0.25,2.6244000000000005,3.0976,4.5796,1.7424000000000002,0.7224999999999999,0.0225,0.004900000000000001,0.0009,0.0961,0.25,0.17639999999999997,0.04000000000000001,0.0625,0.5776,0.1024,0.81,0.16809999999999997,0.0025000000000000005,0.019600000000000003,0.11560000000000002,0.0484,0.0016,0.0004,0.06760000000000001,0.028900000000000006,0.07840000000000001,0.0961,0.0576,0.04409999999999999
170.0,2.25,10.074,147.84,-6.71,-84.06,39.3,-0.868,-3.529,28.011,-36.34,18.474,-21.84,97.18,-72.45,121.349,1.3,1.28,0.05,1.28,0.15,0.5,0.42,0.14,0.42,0.07,1.7,1.66,0.34,1.66,0.03,2.4,2.28,0.22,2.28,0.31,1.9,1.87,0.04,1.87,0.5,1.5,1.44,0.02,1.44,0.42,0.5,0.5,0.26,0.5,0.2,1.7,1.62,0.17,1.62,0.25,1.9,1.76,0.28,1.76,0.76,2.2,2.14,0.31,2.14,0.32,1.6,1.32,0.24,1.32,0.9,1.0,0.85,0.21,0.85,0.41,1.6900000000000002,0.25,2.8899999999999997,5.76,3.61,2.25,0.25,2.8899999999999997,3.61,4.840000000000001,2.5600000000000005,1.0,1.6384,0.17639999999999997,2.7556,5.1983999999999995,3.4969000000000006,2.0736,0.25,2.6244000000000005,3.0976,4.5796,1.7424000000000002,0.7224999999999999,0.0225,0.004900000000000001,0.0009,0.0961,0.25,0.17639999999999997,0.04000000000000001,0.0625,0.5776,0.1024,0.81,0.16809999999999997,0.0025000000000000005,0.019600000000000003,0.11560000000000002,0.0484,0.0016,0.0004,0.06760000000000001,0.028900000000000006,0.07840000000000001,0.0961,0.0576,0.04409999999999999
171.0,2.25,10.104,148.65,-6.77,-84.64,39.7,-1.046,-3.409,28.066,-36.588,18.325,-21.951,97.049,-72.194,121.093,1.3,1.28,0.05,1.28,0.15,0.5,0.42,0.14,0.42,0.07,1.7,1.66,0.34,1.66,0.03,2.4,2.28,0.22,2.28,0.31,1.9,1.87,0.04,1.87,0.5,1.5,1.44,0.02,1.44,0.42,0.5,0.5,0.26,0.5,0.2,1.7,1.62,0.17,1.62,0.25,1.9,1.76,0.28,1.76,0.76,2.2,2.14,0.31,2.14,0.32,1.6,1.32,0.24,1.32,0.9,1.0,0.85,0.21,0.85,0.41,1.6900000000000002,0.25,2.8899999999999997,5.76,3.61,2.25,0.25,2.8899999999999997,3.61,4.840000000000001,2.5600000000000005,1.0,1.6384,0.17639999999999997,2.7556,5.1983999999999995,3.4969000000000006,2.0736,0.25,2.6244000000000005,3.0976,4.5796,1.7424000000000002,0.7224999999999999,0.0225,0.004900000000000001,0.0009,0.0961,0.25,0.17639999999999997,0.04000000000000001,0.0625,0.5776,0.1024,0.81,0.16809999999999997,0.0025000000000000005,0.019600000000000003,0.11560000000000002,0.0484,0.0016,0.0004,0.06760000000000001,0.028900000000000006,0.07840000000000001,0.0961,0.0576,0.04409999999999999
172.0,2.26,10.134,149.46,-6.83,-85.23,40.2,-1.223,-3.289,28.122,-36.836,18.176,-22.062,96.918,-71.939,120.837,1.3,1.28,0.05,1.28,0.1,0.4,0.36,0.17,0.36,0.13,1.6,1.5,0.5,1.5,0.03,2.4,2.29,0.22,2.29,0.23,1.8,1.8,0.14,1.8,0.31,1.5,1.42,0.0,1.42,0.5,0.6,0.6,0.1,0.6,0.2,1.8,1.71,0.25,1.71,0.32,2.0,1.85,0.36,1.85,0.78,2.1,2.06,0.37,2.06,0.34,1.6,1.35,0.25,1.35,0.83,1.0,0.93,0.1,0.93,0.46,1.6900000000000002,0.16000000000000003,2.5600000000000005,5.76,3.24,2.25,0.36,3.24,4.0,4.41,2.5600000000000005,1.0,1.6384,0.1296,2.25,5.2441,3.24,2.0164,0.36,2.9240999999999997,3.4225000000000003,4.2436,1.8225000000000002,0.8649000000000001,0.010000000000000002,0.016900000000000002,0.0009,0.0529,0.0961,0.25,0.04000000000000001,0.1024,0.6084,0.11560000000000002,0.6889,0.2116,0.0025000000000000005,0.028900000000000006,0.25,0.0484,0.019600000000000003,0.0,0.010000000000000002,0.0625,0.1296,0.1369,0.0625,0.010000000000000002
173.0,2.25,10.164,150.27,-6.89,-85.81,40.7,-1.401,-3.17,28.178,-37.084,18.027,-22.173,96.786,-71.683,120.581,1.3,1.28,0.05,1.28,0.1,0.4,0.36,0.17,0.36,0.13,1.6,1.5,0.5,1.5,0.03,2.4,2.29,0.22,2.29,0.23,1.8,1.8,0.14,1.8,0.31,1.5,1.42,0.0,1.42,0.5,0.6,0.6,0.1,0.6,0.2,1.8,1.71,0.25,1.71,0.32,2.0,1.85,0.36,1.85,0.78,2.1,2.06,0.37,2.06,0.34,1.6,1.35,0.25,1.35,0.83,1.0,0.93,0.1,0.93,0.46,1.6900000000000002,0.16000000000000003,2.5600000000000005,5.76,3.24,2.25,0.36,3.24,4.0,4.41,2.5600000000000005,1.0,1.6384,0.1296,2.25,5.2441,3.24,2.0164,0.36,2.9240999999999997,3.4225000000000003,4.2436,1.8225000000000002,0.8649000000000001,0.010000000000000002,0.016900000000000002,0.0009,0.0529,0.0961,0.25,0.04000000000000001,0.1024,0.6084,0.11560000000000002,0.6889,0.2116,0.0025000000000000005,0.028900000000000006,0.25,0.0484,0.019600000000000003,0.0,0.010000000000000002,0.0625,0.1296,0.1369,0.0625,0.010000000000000002
174.0,2.24,10.194,151.07,-6.93,-86.41,40.7,-1.577,-3.095,28.232,-37.171,17.88,-22.264,96.823,-71.652,120.586,1.3,1.28,0.05,1.28,0.1,0.4,0.36,0.17,0.36,0.13,1.6,1.5,0.5,1.5,0.03,2.4,2.29,0.22,2.29,0.23,1.8,1.8,0.14,1.8,0.31,1.5,1.42,0.0,1.42,0.5,0.6,0.6,0.1,0.6,0.2,1.8,1.71,0.25,1.71,0.32,2.0,1.85,0.36,1.85,0.78,2.1,2.06,0.37,2.06,0.34,1.6,1.35,0.25,1.35,0.83,1.0,0.93,0.1,0.93,0.46,1.6900000000000002,0.16000000000000003,2.5600000000000005,5.76,3.24,2.25,0.36,3.24,4.0,4.41,2.5600000000000005,1.0,1.6384,0.1296,2.25,5.2441,3.24,2.0164,0.36,2.9240999999999997,3.4225000000000003,4.2436,1.8225000000000002,0.8649000000000001,0.010000000000000002,0.016900000000000002,0.0009,0.0529,0.0961,0.25,0.04000000000000001,0.1024,0.6084,0.11560000000000002,0.6889,0.2116,0.0025000000000000005,0.028900000000000006,0.25,0.0484,0.019600000000000003,0.0,0.010000000000000002,0.0625,0.1296,0.1369,0.0625,0.010000000000000002
175.0,2.2,10.223,151.86,-6.93,-87.02,40.4,-1.75,-3.079,28.286,-37.057,17.736,-22.329,97.07,-71.902,120.918,1.3,1.28,0.05,1.28,0.1,0.4,0.36,0.17,0.36,0.13,1.6,1.5,0.5,1.5,0.03,2.4,2.29,0.22,2.29,0.23,1.8,1.8,0.14,1.8,0.31,1.5,1.42,0.0,1.42,0.5,0.6,0.6,0.1,0.6,0.2,1.8,1.71,0.25,1.71,0.32,2.0,1.85,0.36,1.85,0.78,2.1,2.06,0.37,2.06,0.34,1.6,1.35,0.25,1.35,0.83,1.0,0.93,0.1,0.93,0.46,1.6900000000000002,0.16000000000000003,2.5600000000000005,5.76,3.24,2.25,0.36,3.24,4.0,4.41,2.5600000000000005,1.0,1.6384,0.1296,2.25,5.2441,3.24,2.0164,0.36,2.9240999999999997,3.4225000000000003,4.2436,1.8225000000000002,0.8649000000000001,0.010000000000000002,0.016900000000000002,0.0009,0.0529,0.0961,0.25,0.04000000000000001,0.1024,0.6084,0.11560000000000002,0.6889,0.2116,0.0025000000000000005,0.028900000000000006,0.25,0.0484,0.019600000000000003,0.0,0.010000000000000002,0.0625,0.1296,0.1369,0.0625,0.010000000000000002
176.0,2.16,10.252,152.65,-6.93,-87.62,40.0,-1.922,-3.062,28.34,-36.942,17.591,-22.394,97.318,-72.153,121.251,1.3,1.28,0.05,1.28,0.1,0.4,0.36,0.17,0.36,0.13,1.6,1.5,0.5,1.5,0.03,2.4,2.29,0.22,2.29,0.23,1.8,1.8,0.14,1.8,0.31,1.5,1.42,0.0,1.42,0.5,0.6,0.6,0.1,0.6,0.2,1.8,1.71,0.25,1.71,0.32,2.0,1.85,0.36,1.85,0.78,2.1,2.06,0.37,2.06,0.34,1.6,1.35,0.25,1.35,0.83,1.0,0.93,0.1,0.93,0.46,1.6900000000000002,0.16000000000000003,2.5600000000000005,5.76,3.24,2.25,0.36,3.24,4.0,4.41,2.5600000000000005,1.0,1.6384,0.1296,2.25,5.2441,3.24,2.0164,0.36,2.9240999999999997,3.4225000000000003,4.2436,1.8225000000000002,0.8649000000000001,0.010000000000000002,0.016900000000000002,0.0009,0.0529,0.0961,0.25,0.04000000000000001,0.1024,0.6084,0.11560000000000002,0.6889,0.2116,0.0025000000000000005,0.028900000000000006,0.25,0.0484,0.019600000000000003,0.0,0.010000000000000002,0.0625,0.1296,0.1369,0.0625,0.010000000000000002
177.0,2.12,10.281,153.44,-6.94,-88.23,39.6,-2.092,-3.046,28.393,-36.827,17.447,-22.459,97.557,-72.393,121.573,1.3,1.28,0.05,1.28,0.1,0.4,0.36,0.17,0.36,0.13,1.6,1.5,0.5,1.5,0.03,2.4,2.29,0.22,2.29,0.23,1.8,1.8,0.14,1.8,0.31,1.5,1.42,0.0,1.42,0.5,0.6,0.6,0.1,0.6,0.2,1.8,1.71,0.25,1.71,0.32,2.0,1.85,0.36,1.85,0.78,2.1,2.06,0.37,2.06,0.34,1.6,1.35,0.25,1.35,0.83,1.0,0.93,0.1,0.93,0.46,1.6900000000000002,0.16000000000000003,2.5600000000000005,5.76,3.24,2.25,0.36,3.24,4.0,4.41,2.5600000000000005,1.0,1.6384,0.1296,2.25,5.2441,3.24,2.0164,0.36,2.9240999999999997,3.4225000000000003,4.2436,1.8225000000000002,0.8649000000000001,0.010000000000000002,0.016900000000000002,0.0009,0.0529,0.0961,0.25,0.04000000000000001,0.1024,0.6084,0.11560000000000002,0.6889,0.2116,0.0025000000000000005,0.028900000000000006,0.25,0.0484,0.019600000000000003,0.0,0.010000000000000002,0.0625,0.1296,0.1369,0.0625,0.010000000000000002
178.0,2.14,10.312,154.26,-7.07,-88.79,39.9,-2.033,-3.028,28.389,-36.706,17.379,-22.528,97.148,-71.88,120.948,1.3,1.28,0.05,1.28,0.1,0.4,0.36,0.17,0.36,0.13,1.6,1.5,0.5,1.5,0.03,2.4,2.29,0.22,2.29,0.23,1.8,1.8,0.14,1.8,0.31,1.5,1.42,0.0,1.42,0.5,0.6,0.6,0.1,0.6,0.2,1.8,1.71,0.25,1.71,0.32,2.0,1.85,0.36,1.85,0.78,2.1,2.06,0.37,2.06,0.34,1.6,1.35,0.25,1.35,0.83,1.0,0.93,0.1,0.93,0.46,1.6900000000000002,0.16000000000000003,2.5600000000000005,5.76,3.24,2.25,0.36,3.24,4.0,4.41,2.5600000000000005,1.0,1.6384,0.1296,2.25,5.2441,3.24,2.0164,0.36,2.9240999999999997,3.4225000000000003,4.2436,1.8225000000000002,0.8649000000000001,0.010000000000000002,0.016900000000000002,0.0009,0.0529,0.0961,0.25,0.04000000000000001,0.1024,0.6084,0.11560000000000002,0.6889,0.2116,0.0025000000000000005,0.028900000000000006,0.25,0.0484,0.019600000000000003,0.0,0.010000000000000002,0.0625,0.1296,0.1369,0.0625,0.010000000000000002
179.0,2.14,10.343,155.08,-7.17,-89.37,39.9,-1.976,-2.869,28.385,-36.469,17.313,-22.514,96.881,-71.537,120.534,1.3,1.28,0.05,1.28,0.1,0.4,0.36,0.17,0.36,0.13,1.6,1.5,0.5,1.5,0.03,2.4,2.29,0.22,2.29,0.23,1.8,1.8,0.14,1.8,0.31,1.5,1.42,0.0,1.42,0.5,0.6,0.6,0.1,0.6,0.2,1.8,1.71,0.25,1.71,0.32,2.0,1.85,0.36,1.85,0.78,2.1,2.06,0.37,2.06,0.34,1.6,1.35,0.25,1.35,0.83,1.0,0.93,0.1,0.93,0.46,1.6900000000000002,0.16000000000000003,2.5600000000000005,5.76,3.24,2.25,0.36,3.24,4.0,4.41,2.5600000000000005,1.0,1.6384,0.1296,2.25,5.2441,3.24,2.0164,0.36,2.9240999999999997,3.4225000000000003,4.2436,1.8225000000000002,0.8649000000000001,0.010000000000000002,0.016900000000000002,0.0009,0.0529,0.0961,0.25,0.04000000000000001,0.1024,0.6084,0.11560000000000002,0.6889,0.2116,0.0025000000000000005,0.028900000000000006,0.25,0.0484,0.019600000000000003,0.0,0.010000000000000002,0.0625,0.1296,0.1369,0.0625,0.010000000000000002
180.0,2.11,10.372,155.88,-7.22,-89.96,39.8,-1.919,-2.491,28.381,-36.052,17.247,-22.373,96.832,-71.457,120.446,1.3,1.28,0.05,1.28,0.1,0.4,0.36,0.17,0.36,0.13,1.6,1.5,0.5,1.5,0.03,2.4,2.29,0.22,2.29,0.23,1.8,1.8,0.14,1.8,0.31,1.5,1.42,0.0,1.42,0.5,0.6,0.6,0.1,0.6,0.2,1.8,1.71,0.25,1.71,0.32,2.0,1.85,0.36,1.85,0.78,2.1,2.06,0.37,2.06,0.34,1.6,1.35,0.25,1.35,0.83,1.0,0.93,0.1,0.93,0.46,1.6900000000000002,0.16000000000000003,2.5600000000000005,5.76,3.24,2.25,0.36,3.24,4.0,4.41,2.5600000000000005,1.0,1.6384,0.1296,2.25,5.2441,3.24,2.0164,0.36,2.9240999999999997,3.4225000000000003,4.2436,1.8225000000000002,0.8649000000000001,0.010000000000000002,0.016900000000000002,0.0009,0.0529,0.0961,0.25,0.04000000000000001,0.1024,0.6084,0.11560000000000002,0.6889,0.2116,0.0025000000000000005,0.028900000000000006,0.25,0.0484,0.019600000000000003,0.0,0.010000000000000002,0.0625,0.1296,0.1369,0.0625,0.010000000000000002
181.0,2.08,10.402,156.68,-7.26,-90.55,39.7,-1.863,-2.112,28.378,-35.635,17.182,-22.231,96.784,-71.377,120.357,1.5,1.36,0.15,1.36,0.1,0.4,0.34,0.18,0.34,0.17,1.5,1.43,0.53,1.43,0.18,2.4,2.25,0.17,2.25,0.26,1.9,1.85,0.04,1.85,0.51,1.5,1.42,0.0,1.42,0.5,0.6,0.62,0.06,0.62,0.16,1.8,1.71,0.23,1.71,0.35,2.1,1.94,0.38,1.94,0.73,2.1,2.04,0.35,2.04,0.44,1.6,1.39,0.2,1.39,0.8,1.0,0.95,0.11,0.95,0.35,2.25,0.16000000000000003,2.25,5.76,3.61,2.25,0.36,3.24,4.41,4.41,2.5600000000000005,1.0,1.8496000000000004,0.11560000000000002,2.0448999999999997,5.0625,3.4225000000000003,2.0164,0.3844,2.9240999999999997,3.7636,4.1616,1.9320999999999997,0.9025,0.010000000000000002,0.028900000000000006,0.0324,0.06760000000000001,0.2601,0.25,0.0256,0.12249999999999998,0.5328999999999999,0.1936,0.6400000000000001,0.12249999999999998,0.0225,0.0324,0.28090000000000004,0.028900000000000006,0.0016,0.0,0.0036,0.0529,0.1444,0.12249999999999998,0.04000000000000001,0.0121
182.0,2.05,10.432,157.48,-7.31,-91.15,39.5,-1.807,-1.737,28.374,-35.218,17.117,-22.095,96.735,-71.296,120.269,1.5,1.36,0.15,1.36,0.1,0.4,0.34,0.18,0.34,0.17,1.5,1.43,0.53,1.43,0.18,2.4,2.25,0.17,2.25,0.26,1.9,1.85,0.04,1.85,0.51,1.5,1.42,0.0,1.42,0.5,0.6,0.62,0.06,0.62,0.16,1.8,1.71,0.23,1.71,0.35,2.1,1.94,0.38,1.94,0.73,2.1,2.04,0.35,2.04,0.44,1.6,1.39,0.2,1.39,0.8,1.0,0.95,0.11,0.95,0.35,2.25,0.16000000000000003,2.25,5.76,3.61,2.25,0.36,3.24,4.41,4.41,2.5600000000000005,1.0,1.8496000000000004,0.11560000000000002,2.0448999999999997,5.0625,3.4225000000000003,2.0164,0.3844,2.9240999999999997,3.7636,4.1616,1.9320999999999997,0.9025,0.010000000000000002,0.028900000000000006,0.0324,0.06760000000000001,0.2601,0.25,0.0256,0.12249999999999998,0.5328999999999999,0.1936,0.6400000000000001,0.12249999999999998,0.0225,0.0324,0.28090000000000004,0.028900000000000006,0.0016,0.0,0.0036,0.0529,0.1444,0.12249999999999998,0.04000000000000001,0.0121
183.0,2.01,10.461,158.28,-7.35,-91.74,39.7,-1.75,-1.528,28.37,-34.75,17.051,-22.24,96.687,-71.184,120.157,1.5,1.36,0.15,1.36,0.1,0.4,0.34,0.18,0.34,0.17,1.5,1.43,0.53,1.43,0.18,2.4,2.25,0.17,2.25,0.26,1.9,1.85,0.04,1.85,0.51,1.5,1.42,0.0,1.42,0.5,0.6,0.62,0.06,0.62,0.16,1.8,1.71,0.23,1.71,0.35,2.1,1.94,0.38,1.94,0.73,2.1,2.04,0.35,2.04,0.44,1.6,1.39,0.2,1.39,0.8,1.0,0.95,0.11,0.95,0.35,2.25,0.16000000000000003,2.25,5.76,3.61,2.25,0.36,3.24,4.41,4.41,2.5600000000000005,1.0,1.8496000000000004,0.11560000000000002,2.0448999999999997,5.0625,3.4225000000000003,2.0164,0.3844,2.9240999999999997,3.7636,4.1616,1.9320999999999997,0.9025,0.010000000000000002,0.028900000000000006,0.0324,0.06760000000000001,0.2601,0.25,0.0256,0.12249999999999998,0.5328999999999999,0.1936,0.6400000000000001,0.12249999999999998,0.0225,0.0324,0.28090000000000004,0.028900000000000006,0.0016,0.0,0.0036,0.0529,0.1444,0.12249999999999998,0.04000000000000001,0.0121
184.0,1.97,10.491,159.09,-7.39,-92.33,39.8,-1.694,-1.32,28.366,-34.283,16.985,-22.385,96.638,-71.071,120.045,1.5,1.36,0.15,1.36,0.1,0.4,0.34,0.18,0.34,0.17,1.5,1.43,0.53,1.43,0.18,2.4,2.25,0.17,2.25,0.26,1.9,1.85,0.04,1.85,0.51,1.5,1.42,0.0,1.42,0.5,0.6,0.62,0.06,0.62,0.16,1.8,1.71,0.23,1.71,0.35,2.1,1.94,0.38,1.94,0.73,2.1,2.04,0.35,2.04,0.44,1.6,1.39,0.2,1.39,0.8,1.0,0.95,0.11,0.95,0.35,2.25,0.16000000000000003,2.25,5.76,3.61,2.25,0.36,3.24,4.41,4.41,2.5600000000000005,1.0,1.8496000000000004,0.11560000000000002,2.0448999999999997,5.0625,3.4225000000000003,2.0164,0.3844,2.9240999999999997,3.7636,4.1616,1.9320999999999997,0.9025,0.010000000000000002,0.028900000000000006,0.0324,0.06760000000000001,0.2601,0.25,0.0256,0.12249999999999998,0.5328999999999999,0.1936,0.6400000000000001,0.12249999999999998,0.0225,0.0324,0.28090000000000004,0.028900000000000006,0.0016,0.0,0.0036,0.0529,0.1444,0.12249999999999998,0.04000000000000001,0.0121
185.0,1.94,10.521,159.89,-7.43,-92.93,40.0,-1.637,-1.111,28.362,-33.815,16.92,-22.53,96.589,-70.959,119.933,1.5,1.36,0.15,1.36,0.1,0.4,0.34,0.18,0.34,0.17,1.5,1.43,0.53,1.43,0.18,2.4,2.25,0.17,2.25,0.26,1.9,1.85,0.04,1.85,0.51,1.5,1.42,0.0,1.42,0.5,0.6,0.62,0.06,0.62,0.16,1.8,1.71,0.23,1.71,0.35,2.1,1.94,0.38,1.94,0.73,2.1,2.04,0.35,2.04,0.44,1.6,1.39,0.2,1.39,0.8,1.0,0.95,0.11,0.95,0.35,2.25,0.16000000000000003,2.25,5.76,3.61,2.25,0.36,3.24,4.41,4.41,2.5600000000000005,1.0,1.8496000000000004,0.11560000000000002,2.0448999999999997,5.0625,3.4225000000000003,2.0164,0.3844,2.9240999999999997,3.7636,4.1616,1.9320999999999997,0.9025,0.010000000000000002,0.028900000000000006,0.0324,0.06760000000000001,0.2601,0.25,0.0256,0.12249999999999998,0.5328999999999999,0.1936,0.6400000000000001,0.12249999999999998,0.0225,0.0324,0.28090000000000004,0.028900000000000006,0.0016,0.0,0.0036,0.0529,0.1444,0.12249999999999998,0.04000000000000001,0.0121
186.0,1.91,10.551,160.69,-7.42,-93.51,40.0,-1.581,-1.094,28.358,-33.542,16.855,-22.825,96.812,-71.076,120.177,1.5,1.36,0.15,1.36,0.1,0.4,0.34,0.18,0.34,0.17,1.5,1.43,0.53,1.43,0.18,2.4,2.25,0.17,2.25,0.26,1.9,1.85,0.04,1.85,0.51,1.5,1.42,0.0,1.42,0.5,0.6,0.62,0.06,0.62,0.16,1.8,1.71,0.23,1.71,0.35,2.1,1.94,0.38,1.94,0.73,2.1,2.04,0.35,2.04,0.44,1.6,1.39,0.2,1.39,0.8,1.0,0.95,0.11,0.95,0.35,2.25,0.16000000000000003,2.25,5.76,3.61,2.25,0.36,3.24,4.41,4.41,2.5600000000000005,1.0,1.8496000000000004,0.11560000000000002,2.0448999999999997,5.0625,3.4225000000000003,2.0164,0.3844,2.9240999999999997,3.7636,4.1616,1.9320999999999997,0.9025,0.010000000000000002,0.028900000000000006,0.0324,0.06760000000000001,0.2601,0.25,0.0256,0.12249999999999998,0.5328999999999999,0.1936,0.6400000000000001,0.12249999999999998,0.0225,0.0324,0.28090000000000004,0.028900000000000006,0.0016,0.0,0.0036,0.0529,0.1444,0.12249999999999998,0.04000000000000001,0.0121
187.0,1.88,10.58,161.51,-7.38,-94.09,40.0,-1.525,-1.176,28.354,-33.369,16.79,-23.196,97.173,-71.312,120.602,1.5,1.36,0.15,1.36,0.1,0.4,0.34,0.18,0.34,0.17,1.5,1.43,0.53,1.43,0.18,2.4,2.25,0.17,2.25,0.26,1.9,1.85,0.04,1.85,0.51,1.5,1.42,0.0,1.42,0.5,0.6,0.62,0.06,0.62,0.16,1.8,1.71,0.23,1.71,0.35,2.1,1.94,0.38,1.94,0.73,2.1,2.04,0.35,2.04,0.44,1.6,1.39,0.2,1.39,0.8,1.0,0.95,0.11,0.95,0.35,2.25,0.16000000000000003,2.25,5.76,3.61,2.25,0.36,3.24,4.41,4.41,2.5600000000000005,1.0,1.8496000000000004,0.11560000000000002,2.0448999999999997,5.0625,3.4225000000000003,2.0164,0.3844,2.9240999999999997,3.7636,4.1616,1.9320999999999997,0.9025,0.010000000000000002,0.028900000000000006,0.0324,0.06760000000000001,0.2601,0.25,0.0256,0.12249999999999998,0.5328999999999999,0.1936,0.6400000000000001,0.12249999999999998,0.0225,0.0324,0.28090000000000004,0.028900000000000006,0.0016,0.0,0.0036,0.0529,0.1444,0.12249999999999998,0.04000000000000001,0.0121
188.0,1.84,10.61,162.31,-7.41,-94.68,40.3,-1.285,-1.539,27.375,-32.522,16.682,-23.674,97.115,-71.131,120.451,1.5,1.36,0.15,1.36,0.1,0.4,0.34,0.18,0.34,0.17,1.5,1.43,0.53,1.43,0.18,2.4,2.25,0.17,2.25,0.26,1.9,1.85,0.04,1.85,0.51,1.5,1.42,0.0,1.42,0.5,0.6,0.62,0.06,0.62,0.16,1.8,1.71,0.23,1.71,0.35,2.1,1.94,0.38,1.94,0.73,2.1,2.04,0.35,2.04,0.44,1.6,1.39,0.2,1.39,0.8,1.0,0.95,0.11,0.95,0.35,2.25,0.16000000000000003,2.25,5.76,3.61,2.25,0.36,3.24,4.41,4.41,2.5600000000000005,1.0,1.8496000000000004,0.11560000000000002,2.0448999999999997,5.0625,3.4225000000000003,2.0164,0.3844,2.9240999999999997,3.7636,4.1616,1.9320999999999997,0.9025,0.010000000000000002,0.028900000000000006,0.0324,0.06760000000000001,0.2601,0.25,0.0256,0.12249999999999998,0.5328999999999999,0.1936,0.6400000000000001,0.12249999999999998,0.0225,0.0324,0.28090000000000004,0.028900000000000006,0.0016,0.0,0.0036,0.0529,0.1444,0.12249999999999998,0.04000000000000001,0.0121
189.0,1.8,10.64,163.12,-7.45,-95.27,40.7,-0.953,-1.988,26.554,-31.735,16.539,-24.188,97.07,-71.0,120.338,1.5,1.32,0.14,1.32,0.18,0.3,0.32,0.21,0.32,0.13,1.5,1.35,0.53,1.35,0.37,2.3,2.21,0.09,2.21,0.28,2.0,1.89,0.02,1.89,0.56,1.5,1.43,0.01,1.43,0.34,0.6,0.58,0.05,0.58,0.07,1.8,1.69,0.21,1.69,0.39,2.0,1.9,0.33,1.9,0.72,2.1,2.05,0.32,2.05,0.41,1.6,1.39,0.22,1.39,0.74,0.9,0.91,0.16,0.91,0.28,2.25,0.09,2.25,5.289999999999999,4.0,2.25,0.36,3.24,4.0,4.41,2.5600000000000005,0.81,1.7424000000000002,0.1024,1.8225000000000002,4.8841,3.5721,2.0448999999999997,0.3364,2.8560999999999996,3.61,4.2025,1.9320999999999997,0.8281000000000001,0.0324,0.016900000000000002,0.1369,0.07840000000000001,0.31360000000000005,0.11560000000000002,0.004900000000000001,0.1521,0.5184,0.16809999999999997,0.5476,0.07840000000000001,0.019600000000000003,0.04409999999999999,0.28090000000000004,0.0081,0.0004,0.0001,0.0025000000000000005,0.04409999999999999,0.10890000000000001,0.1024,0.0484,0.0256
190.0,1.76,10.669,163.92,-7.48,-95.86,41.1,-0.407,-2.623,26.216,-31.161,16.312,-24.78,97.094,-71.029,120.372,1.5,1.32,0.14,1.32,0.18,0.3,0.32,0.21,0.32,0.13,1.5,1.35,0.53,1.35,0.37,2.3,2.21,0.09,2.21,0.28,2.0,1.89,0.02,1.89,0.56,1.5,1.43,0.01,1.43,0.34,0.6,0.58,0.05,0.58,0.07,1.8,1.69,0.21,1.69,0.39,2.0,1.9,0.33,1.9,0.72,2.1,2.05,0.32,2.05,0.41,1.6,1.39,0.22,1.39,0.74,0.9,0.91,0.16,0.91,0.28,2.25,0.09,2.25,5.289999999999999,4.0,2.25,0.36,3.24,4.0,4.41,2.5600000000000005,0.81,1.7424000000000002,0.1024,1.8225000000000002,4.8841,3.5721,2.0448999999999997,0.3364,2.8560999999999996,3.61,4.2025,1.9320999999999997,0.8281000000000001,0.0324,0.016900000000000002,0.1369,0.07840000000000001,0.31360000000000005,0.11560000000000002,0.004900000000000001,0.1521,0.5184,0.16809999999999997,0.5476,0.07840000000000001,0.019600000000000003,0.04409999999999999,0.28090000000000004,0.0081,0.0004,0.0001,0.0025000000000000005,0.04409999999999999,0.10890000000000001,0.1024,0.0484,0.0256
191.0,1.71,10.699,164.73,-7.52,-96.44,41.4,0.174,-3.198,26.16,-30.881,16.106,-25.297,97.045,-70.887,120.248,1.5,1.32,0.14,1.32,0.18,0.3,0.32,0.21,0.32,0.13,1.5,1.35,0.53,1.35,0.37,2.3,2.21,0.09,2.21,0.28,2.0,1.89,0.02,1.89,0.56,1.5,1.43,0.01,1.43,0.34,0.6,0.58,0.05,0.58,0.07,1.8,1.69,0.21,1.69,0.39,2.0,1.9,0.33,1.9,0.72,2.1,2.05,0.32,2.05,0.41,1.6,1.39,0.22,1.39,0.74,0.9,0.91,0.16,0.91,0.28,2.25,0.09,2.25,5.289999999999999,4.0,2.25,0.36,3.24,4.0,4.41,2.5600000000000005,0.81,1.7424000000000002,0.1024,1.8225000000000002,4.8841,3.5721,2.0448999999999997,0.3364,2.8560999999999996,3.61,4.2025,1.9320999999999997,0.8281000000000001,0.0324,0.016900000000000002,0.1369,0.07840000000000001,0.31360000000000005,0.11560000000000002,0.004900000000000001,0.1521,0.5184,0.16809999999999997,0.5476,0.07840000000000001,0.019600000000000003,0.04409999999999999,0.28090000000000004,0.0081,0.0004,0.0001,0.0025000000000000005,0.04409999999999999,0.10890000000000001,0.1024,0.0484,0.0256
192.0,1.66,10.729,165.53,-7.55,-97.03,41.7,0.778,-3.733,26.283,-30.787,15.913,-25.767,96.95,-70.637,120.024,1.5,1.32,0.14,1.32,0.18,0.3,0.32,0.21,0.32,0.13,1.5,1.35,0.53,1.35,0.37,2.3,2.21,0.09,2.21,0.28,2.0,1.89,0.02,1.89,0.56,1.5,1.43,0.01,1.43,0.34,0.6,0.58,0.05,0.58,0.07,1.8,1.69,0.21,1.69,0.39,2.0,1.9,0.33,1.9,0.72,2.1,2.05,0.32,2.05,0.41,1.6,1.39,0.22,1.39,0.74,0.9,0.91,0.16,0.91,0.28,2.25,0.09,2.25,5.289999999999999,4.0,2.25,0.36,3.24,4.0,4.41,2.5600000000000005,0.81,1.7424000000000002,0.1024,1.8225000000000002,4.8841,3.5721,2.0448999999999997,0.3364,2.8560999999999996,3.61,4.2025,1.9320999999999997,0.8281000000000001,0.0324,0.016900000000000002,0.1369,0.07840000000000001,0.31360000000000005,0.11560000000000002,0.004900000000000001,0.1521,0.5184,0.16809999999999997,0.5476,0.07840000000000001,0.019600000000000003,0.04409999999999999,0.28090000000000004,0.0081,0.0004,0.0001,0.0025000000000000005,0.04409999999999999,0.10890000000000001,0.1024,0.0484,0.0256
193.0,1.61,10.759,166.34,-7.59,-97.62,41.9,1.324,-4.079,26.298,-29.944,15.762,-26.101,97.027,-70.7,120.12,1.5,1.32,0.14,1.32,0.18,0.3,0.32,0.21,0.32,0.13,1.5,1.35,0.53,1.35,0.37,2.3,2.21,0.09,2.21,0.28,2.0,1.89,0.02,1.89,0.56,1.5,1.43,0.01,1.43,0.34,0.6,0.58,0.05,0.58,0.07,1.8,1.69,0.21,1.69,0.39,2.0,1.9,0.33,1.9,0.72,2.1,2.05,0.32,2.05,0.41,1.6,1.39,0.22,1.39,0.74,0.9,0.91,0.16,0.91,0.28,2.25,0.09,2.25,5.289999999999999,4.0,2.25,0.36,3.24,4.0,4.41,2.5600000000000005,0.81,1.7424000000000002,0.1024,1.8225000000000002,4.8841,3.5721,2.0448999999999997,0.3364,2.8560999999999996,3.61,4.2025,1.9320999999999997,0.8281000000000001,0.0324,0.016900000000000002,0.1369,0.07840000000000001,0.31360000000000005,0.11560000000000002,0.004900000000000001,0.1521,0.5184,0.16809999999999997,0.5476,0.07840000000000001,0.019600000000000003,0.04409999999999999,0.28090000000000004,0.0081,0.0004,0.0001,0.0025000000000000005,0.04409999999999999,0.10890000000000001,0.1024,0.0484,0.0256
194.0,1.56,10.789,167.14,-7.62,-98.21,42.0,1.851,-4.332,26.5,-29.152,15.617,-26.381,97.067,-70.687,120.142,1.5,1.32,0.14,1.32,0.18,0.3,0.32,0.21,0.32,0.13,1.5,1.35,0.53,1.35,0.37,2.3,2.21,0.09,2.21,0.28,2.0,1.89,0.02,1.89,0.56,1.5,1.43,0.01,1.43,0.34,0.6,0.58,0.05,0.58,0.07,1.8,1.69,0.21,1.69,0.39,2.0,1.9,0.33,1.9,0.72,2.1,2.05,0.32,2.05,0.41,1.6,1.39,0.22,1.39,0.74,0.9,0.91,0.16,0.91,0.28,2.25,0.09,2.25,5.289999999999999,4.0,2.25,0.36,3.24,4.0,4.41,2.5600000000000005,0.81,1.7424000000000002,0.1024,1.8225000000000002,4.8841,3.5721,2.0448999999999997,0.3364,2.8560999999999996,3.61,4.2025,1.9320999999999997,0.8281000000000001,0.0324,0.016900000000000002,0.1369,0.07840000000000001,0.31360000000000005,0.11560000000000002,0.004900000000000001,0.1521,0.5184,0.16809999999999997,0.5476,0.07840000000000001,0.019600000000000003,0.04409999999999999,0.28090000000000004,0.0081,0.0004,0.0001,0.0025000000000000005,0.04409999999999999,0.10890000000000001,0.1024,0.0484,0.0256
195.0,1.5,10.819,167.95,-7.66,-98.8,42.2,2.336,-4.366,27.235,-28.638,15.475,-26.535,96.975,-70.412,119.904,1.5,1.32,0.14,1.32,0.18,0.3,0.32,0.21,0.32,0.13,1.5,1.35,0.53,1.35,0.37,2.3,2.21,0.09,2.21,0.28,2.0,1.89,0.02,1.89,0.56,1.5,1.43,0.01,1.43,0.34,0.6,0.58,0.05,0.58,0.07,1.8,1.69,0.21,1.69,0.39,2.0,1.9,0.33,1.9,0.72,2.1,2.05,0.32,2.05,0.41,1.6,1.39,0.22,1.39,0.74,0.9,0.91,0.16,0.91,0.28,2.25,0.09,2.25,5.289999999999999,4.0,2.25,0.36,3.24,4.0,4.41,2.5600000000000005,0.81,1.7424000000000002,0.1024,1.8225000000000002,4.8841,3.5721,2.0448999999999997,0.3364,2.8560999999999996,3.61,4.2025,1.9320999999999997,0.8281000000000001,0.0324,0.016900000000000002,0.1369,0.07840000000000001,0.31360000000000005,0.11560000000000002,0.004900000000000001,0.1521,0.5184,0.16809999999999997,0.5476,0.07840000000000001,0.019600000000000003,0.04409999999999999,0.28090000000000004,0.0081,0.0004,0.0001,0.0025000000000000005,0.04409999999999999,0.10890000000000001,0.1024,0.0484,0.0256
196.0,1.44,10.849,168.76,-7.69,-99.39,42.1,2.823,-4.318,27.971,-27.656,15.333,-26.605,96.886,-70.269,119.747,1.5,1.32,0.14,1.32,0.18,0.3,0.32,0.21,0.32,0.13,1.5,1.35,0.53,1.35,0.37,2.3,2.21,0.09,2.21,0.28,2.0,1.89,0.02,1.89,0.56,1.5,1.43,0.01,1.43,0.34,0.6,0.58,0.05,0.58,0.07,1.8,1.69,0.21,1.69,0.39,2.0,1.9,0.33,1.9,0.72,2.1,2.05,0.32,2.05,0.41,1.6,1.39,0.22,1.39,0.74,0.9,0.91,0.16,0.91,0.28,2.25,0.09,2.25,5.289999999999999,4.0,2.25,0.36,3.24,4.0,4.41,2.5600000000000005,0.81,1.7424000000000002,0.1024,1.8225000000000002,4.8841,3.5721,2.0448999999999997,0.3364,2.8560999999999996,3.61,4.2025,1.9320999999999997,0.8281000000000001,0.0324,0.016900000000000002,0.1369,0.07840000000000001,0.31360000000000005,0.11560000000000002,0.004900000000000001,0.1521,0.5184,0.16809999999999997,0.5476,0.07840000000000001,0.019600000000000003,0.04409999999999999,0.28090000000000004,0.0081,0.0004,0.0001,0.0025000000000000005,0.04409999999999999,0.10890000000000001,0.1024,0.0484,0.0256
197.0,1.39,10.879,169.57,-7.72,-99.97,41.8,3.31,-4.217,28.709,-26.357,15.191,-26.616,96.799,-70.214,119.645,1.5,1.32,0.14,1.32,0.18,0.3,0.32,0.21,0.32,0.13,1.5,1.35,0.53,1.35,0.37,2.3,2.21,0.09,2.21,0.28,2.0,1.89,0.02,1.89,0.56,1.5,1.43,0.01,1.43,0.34,0.6,0.58,0.05,0.58,0.07,1.8,1.69,0.21,1.69,0.39,2.0,1.9,0.33,1.9,0.72,2.1,2.05,0.32,2.05,0.41,1.6,1.39,0.22,1.39,0.74,0.9,0.91,0.16,0.91,0.28,2.25,0.09,2.25,5.289999999999999,4.0,2.25,0.36,3.24,4.0,4.41,2.5600000000000005,0.81,1.7424000000000002,0.1024,1.8225000000000002,4.8841,3.5721,2.0448999999999997,0.3364,2.8560999999999996,3.61,4.2025,1.9320999999999997,0.8281000000000001,0.0324,0.016900000000000002,0.1369,0.07840000000000001,0.31360000000000005,0.11560000000000002,0.004900000000000001,0.1521,0.5184,0.16809999999999997,0.5476,0.07840000000000001,0.019600000000000003,0.04409999999999999,0.28090000000000004,0.0081,0.0004,0.0001,0.0025000000000000005,0.04409999999999999,0.10890000000000001,0.1024,0.0484,0.0256
198.0,1.32,10.909,170.37,-7.75,-100.56,41.7,3.078,-4.07,28.717,-25.761,15.238,-26.511,96.686,-69.952,119.395,1.5,1.32,0.14,1.32,0.18,0.3,0.32,0.21,0.32,0.13,1.5,1.35,0.53,1.35,0.37,2.3,2.21,0.09,2.21,0.28,2.0,1.89,0.02,1.89,0.56,1.5,1.43,0.01,1.43,0.34,0.6,0.58,0.05,0.58,0.07,1.8,1.69,0.21,1.69,0.39,2.0,1.9,0.33,1.9,0.72,2.1,2.05,0.32,2.05,0.41,1.6,1.39,0.22,1.39,0.74,0.9,0.91,0.16,0.91,0.28,2.25,0.09,2.25,5.289999999999999,4.0,2.25,0.36,3.24,4.0,4.41,2.5600000000000005,0.81,1.7424000000000002,0.1024,1.8225000000000002,4.8841,3.5721,2.0448999999999997,0.3364,2.8560999999999996,3.61,4.2025,1.9320999999999997,0.8281000000000001,0.0324,0.016900000000000002,0.1369,0.07840000000000001,0.31360000000000005,0.11560000000000002,0.004900000000000001,0.1521,0.5184,0.16809999999999997,0.5476,0.07840000000000001,0.019600000000000003,0.04409999999999999,0.28090000000000004,0.0081,0.0004,0.0001,0.0025000000000000005,0.04409999999999999,0.10890000000000001,0.1024,0.0484,0.0256
199.0,1.26,10.939,171.18,-7.79,-101.15,41.6,2.796,-3.992,28.675,-25.046,15.299,-26.39,96.594,-69.752,119.201,1.5,1.32,0.14,1.32,0.18,0.3,0.32,0.21,0.32,0.13,1.5,1.35,0.53,1.35,0.37,2.3,2.21,0.09,2.21,0.28,2.0,1.89,0.02,1.89,0.56,1.5,1.43,0.01,1.43,0.34,0.6,0.58,0.05,0.58,0.07,1.8,1.69,0.21,1.69,0.39,2.0,1.9,0.33,1.9,0.72,2.1,2.05,0.32,2.05,0.41,1.6,1.39,0.22,1.39,0.74,0.9,0.91,0.16,0.91,0.28,2.25,0.09,2.25,5.289999999999999,4.0,2.25,0.36,3.24,4.0,4.41,2.5600000000000005,0.81,1.7424000000000002,0.1024,1.8225000000000002,4.8841,3.5721,2.0448999999999997,0.3364,2.8560999999999996,3.61,4.2025,1.9320999999999997,0.8281000000000001,0.0324,0.016900000000000002,0.1369,0.07840000000000001,0.31360000000000005,0.11560000000000002,0.004900000000000001,0.1521,0.5184,0.16809999999999997,0.5476,0.07840000000000001,0.019600000000000003,0.04409999999999999,0.28090000000000004,0.0081,0.0004,0.0001,0.0025000000000000005,0.04409999999999999,0.10890000000000001,0.1024,0.0484,0.0256
200.0,1.2,10.97,171.99,-7.82,-101.73,41.6,2.514,-4.099,28.633,-23.898,15.359,-26.249,96.561,-69.751,119.177,1.5,1.32,0.14,1.32,0.18,0.3,0.32,0.21,0.32,0.13,1.5,1.35,0.53,1.35,0.37,2.3,2.21,0.09,2.21,0.28,2.0,1.89,0.02,1.89,0.56,1.5,1.43,0.01,1.43,0.34,0.6,0.58,0.05,0.58,0.07,1.8,1.69,0.21,1.69,0.39,2.0,1.9,0.33,1.9,0.72,2.1,2.05,0.32,2.05,0.41,1.6,1.39,0.22,1.39,0.74,0.9,0.91,0.16,0.91,0.28,2.25,0.09,2.25,5.289999999999999,4.0,2.25,0.36,3.24,4.0,4.41,2.5600000000000005,0.81,1.7424000000000002,0.1024,1.8225000000000002,4.8841,3.5721,2.0448999999999997,0.3364,2.8560999999999996,3.61,4.2025,1.9320999999999997,0.8281000000000001,0.0324,0.016900000000000002,0.1369,0.07840000000000001,0.31360000000000005,0.11560000000000002,0.004900000000000001,0.1521,0.5184,0.16809999999999997,0.5476,0.07840000000000001,0.019600000000000003,0.04409999999999999,0.28090000000000004,0.0081,0.0004,0.0001,0.0025000000000000005,0.04409999999999999,0.10890000000000001,0.1024,0.0484,0.0256
201.0,1.13,11.0,172.8,-7.85,-102.31,41.5,1.821,-4.285,28.154,-22.915,15.058,-26.1,96.477,-69.727,119.096,1.5,1.32,0.14,1.32,0.18,0.3,0.32,0.21,0.32,0.13,1.5,1.35,0.53,1.35,0.37,2.3,2.21,0.09,2.21,0.28,2.0,1.89,0.02,1.89,0.56,1.5,1.43,0.01,1.43,0.34,0.6,0.58,0.05,0.58,0.07,1.8,1.69,0.21,1.69,0.39,2.0,1.9,0.33,1.9,0.72,2.1,2.05,0.32,2.05,0.41,1.6,1.39,0.22,1.39,0.74,0.9,0.91,0.16,0.91,0.28,2.25,0.09,2.25,5.289999999999999,4.0,2.25,0.36,3.24,4.0,4.41,2.5600000000000005,0.81,1.7424000000000002,0.1024,1.8225000000000002,4.8841,3.5721,2.0448999999999997,0.3364,2.8560999999999996,3.61,4.2025,1.9320999999999997,0.8281000000000001,0.0324,0.016900000000000002,0.1369,0.07840000000000001,0.31360000000000005,0.11560000000000002,0.004900000000000001,0.1521,0.5184,0.16809999999999997,0.5476,0.07840000000000001,0.019600000000000003,0.04409999999999999,0.28090000000000004,0.0081,0.0004,0.0001,0.0025000000000000005,0.04409999999999999,0.10890000000000001,0.1024,0.0484,0.0256
202.0,1.06,11.03,173.61,-7.89,-102.9,41.3,0.878,-4.52,27.409,-22.033,14.535,-25.944,96.363,-69.69,118.98,1.5,1.32,0.14,1.32,0.18,0.3,0.32,0.21,0.32,0.13,1.5,1.35,0.53,1.35,0.37,2.3,2.21,0.09,2.21,0.28,2.0,1.89,0.02,1.89,0.56,1.5,1.43,0.01,1.43,0.34,0.6,0.58,0.05,0.58,0.07,1.8,1.69,0.21,1.69,0.39,2.0,1.9,0.33,1.9,0.72,2.1,2.05,0.32,2.05,0.41,1.6,1.39,0.22,1.39,0.74,0.9,0.91,0.16,0.91,0.28,2.25,0.09,2.25,5.289999999999999,4.0,2.25,0.36,3.24,4.0,4.41,2.5600000000000005,0.81,1.7424000000000002,0.1024,1.8225000000000002,4.8841,3.5721,2.0448999999999997,0.3364,2.8560999999999996,3.61,4.2025,1.9320999999999997,0.8281000000000001,0.0324,0.016900000000000002,0.1369,0.07840000000000001,0.31360000000000005,0.11560000000000002,0.004900000000000001,0.1521,0.5184,0.16809999999999997,0.5476,0.07840000000000001,0.019600000000000003,0.04409999999999999,0.28090000000000004,0.0081,0.0004,0.0001,0.0025000000000000005,0.04409999999999999,0.10890000000000001,0.1024,0.0484,0.0256
203.0,0.97,11.06,174.42,-7.93,-103.49,41.3,-0.071,-5.165,26.659,-20.547,14.011,-25.9,96.353,-69.484,118.852,1.5,1.32,0.14,1.32,0.18,0.3,0.32,0.21,0.32,0.13,1.5,1.35,0.53,1.35,0.37,2.3,2.21,0.09,2.21,0.28,2.0,1.89,0.02,1.89,0.56,1.5,1.43,0.01,1.43,0.34,0.6,0.58,0.05,0.58,0.07,1.8,1.69,0.21,1.69,0.39,2.0,1.9,0.33,1.9,0.72,2.1,2.05,0.32,2.05,0.41,1.6,1.39,0.22,1.39,0.74,0.9,0.91,0.16,0.91,0.28,2.25,0.09,2.25,5.289999999999999,4.0,2.25,0.36,3.24,4.0,4.41,2.5600000000000005,0.81,1.7424000000000002,0.1024,1.8225000000000002,4.8841,3.5721,2.0448999999999997,0.3364,2.8560999999999996,3.61,4.2025,1.9320999999999997,0.8281000000000001,0.0324,0.016900000000000002,0.1369,0.07840000000000001,0.31360000000000005,0.11560000000000002,0.004900000000000001,0.1521,0.5184,0.16809999999999997,0.5476,0.07840000000000001,0.019600000000000003,0.04409999999999999,0.28090000000000004,0.0081,0.0004,0.0001,0.0025000000000000005,0.04409999999999999,0.10890000000000001,0.1024,0.0484,0.0256
204.0,0.9,11.09,175.23,-7.96,-104.08,40.7,-1.02,-5.836,25.91,-19.165,13.486,-25.831,96.382,-69.412,118.837,1.5,1.32,0.14,1.32,0.18,0.3,0.32,0.21,0.32,0.13,1.5,1.35,0.53,1.35,0.37,2.3,2.21,0.09,2.21,0.28,2.0,1.89,0.02,1.89,0.56,1.5,1.43,0.01,1.43,0.34,0.6,0.58,0.05,0.58,0.07,1.8,1.69,0.21,1.69,0.39,2.0,1.9,0.33,1.9,0.72,2.1,2.05,0.32,2.05,0.41,1.6,1.39,0.22,1.39,0.74,0.9,0.91,0.16,0.91,0.28,2.25,0.09,2.25,5.289999999999999,4.0,2.25,0.36,3.24,4.0,4.41,2.5600000000000005,0.81,1.7424000000000002,0.1024,1.8225000000000002,4.8841,3.5721,2.0448999999999997,0.3364,2.8560999999999996,3.61,4.2025,1.9320999999999997,0.8281000000000001,0.0324,0.016900000000000002,0.1369,0.07840000000000001,0.31360000000000005,0.11560000000000002,0.004900000000000001,0.1521,0.5184,0.16809999999999997,0.5476,0.07840000000000001,0.019600000000000003,0.04409999999999999,0.28090000000000004,0.0081,0.0004,0.0001,0.0025000000000000005,0.04409999999999999,0.10890000000000001,0.1024,0.0484,0.0256
205.0,0.83,11.121,176.04,-7.99,-104.65,38.9,-1.969,-6.526,25.16,-18.069,12.96,-25.694,96.487,-69.654,119.075,1.5,1.32,0.14,1.32,0.18,0.3,0.32,0.21,0.32,0.13,1.5,1.35,0.53,1.35,0.37,2.3,2.21,0.09,2.21,0.28,2.0,1.89,0.02,1.89,0.56,1.5,1.43,0.01,1.43,0.34,0.6,0.58,0.05,0.58,0.07,1.8,1.69,0.21,1.69,0.39,2.0,1.9,0.33,1.9,0.72,2.1,2.05,0.32,2.05,0.41,1.6,1.39,0.22,1.39,0.74,0.9,0.91,0.16,0.91,0.28,2.25,0.09,2.25,5.289999999999999,4.0,2.25,0.36,3.24,4.0,4.41,2.5600000000000005,0.81,1.7424000000000002,0.1024,1.8225000000000002,4.8841,3.5721,2.0448999999999997,0.3364,2.8560999999999996,3.61,4.2025,1.9320999999999997,0.8281000000000001,0.0324,0.016900000000000002,0.1369,0.07840000000000001,0.31360000000000005,0.11560000000000002,0.004900000000000001,0.1521,0.5184,0.16809999999999997,0.5476,0.07840000000000001,0.019600000000000003,0.04409999999999999,0.28090000000000004,0.0081,0.0004,0.0001,0.0025000000000000005,0.04409999999999999,0.10890000000000001,0.1024,0.0484,0.0256
206.0,0.76,11.151,176.86,-8.02,-105.24,38.0,-3.808,-7.519,23.509,-16.611,11.661,-25.385,96.664,-69.733,119.267,1.4,1.28,0.1,1.28,0.24,0.4,0.4,0.08,0.4,0.13,1.5,1.39,0.49,1.39,0.31,2.2,2.15,0.0,2.15,0.07,1.9,1.85,0.02,1.85,0.55,1.4,1.36,0.09,1.36,0.27,0.5,0.54,0.06,0.54,0.0,1.8,1.69,0.21,1.69,0.39,2.0,1.87,0.25,1.87,0.62,2.1,2.03,0.31,2.03,0.37,1.6,1.42,0.21,1.42,0.69,0.9,0.81,0.2,0.81,0.29,1.9599999999999997,0.16000000000000003,2.25,4.840000000000001,3.61,1.9599999999999997,0.25,3.24,4.0,4.41,2.5600000000000005,0.81,1.6384,0.16000000000000003,1.9320999999999997,4.6225,3.4225000000000003,1.8496000000000004,0.2916,2.8560999999999996,3.4969000000000006,4.120899999999999,2.0164,0.6561000000000001,0.0576,0.016900000000000002,0.0961,0.004900000000000001,0.30250000000000005,0.0729,0.0,0.1521,0.3844,0.1369,0.4760999999999999,0.0841,0.010000000000000002,0.0064,0.24009999999999998,0.0,0.0004,0.0081,0.0036,0.04409999999999999,0.0625,0.0961,0.04409999999999999,0.04000000000000001
207.0,0.68,11.181,177.67,-8.06,-105.82,37.6,-6.103,-8.668,21.395,-14.967,9.966,-24.988,96.876,-69.727,119.434,1.4,1.28,0.1,1.28,0.24,0.4,0.4,0.08,0.4,0.13,1.5,1.39,0.49,1.39,0.31,2.2,2.15,0.0,2.15,0.07,1.9,1.85,0.02,1.85,0.55,1.4,1.36,0.09,1.36,0.27,0.5,0.54,0.06,0.54,0.0,1.8,1.69,0.21,1.69,0.39,2.0,1.87,0.25,1.87,0.62,2.1,2.03,0.31,2.03,0.37,1.6,1.42,0.21,1.42,0.69,0.9,0.81,0.2,0.81,0.29,1.9599999999999997,0.16000000000000003,2.25,4.840000000000001,3.61,1.9599999999999997,0.25,3.24,4.0,4.41,2.5600000000000005,0.81,1.6384,0.16000000000000003,1.9320999999999997,4.6225,3.4225000000000003,1.8496000000000004,0.2916,2.8560999999999996,3.4969000000000006,4.120899999999999,2.0164,0.6561000000000001,0.0576,0.016900000000000002,0.0961,0.004900000000000001,0.30250000000000005,0.0729,0.0,0.1521,0.3844,0.1369,0.4760999999999999,0.0841,0.010000000000000002,0.0064,0.24009999999999998,0.0,0.0004,0.0081,0.0036,0.04409999999999999,0.0625,0.0961,0.04409999999999999,0.04000000000000001
208.0,0.59,11.212,178.48,-8.09,-106.41,37.2,-8.401,-9.817,19.28,-13.322,8.268,-24.591,97.088,-69.722,119.602,1.4,1.28,0.1,1.28,0.24,0.4,0.4,0.08,0.4,0.13,1.5,1.39,0.49,1.39,0.31,2.2,2.15,0.0,2.15,0.07,1.9,1.85,0.02,1.85,0.55,1.4,1.36,0.09,1.36,0.27,0.5,0.54,0.06,0.54,0.0,1.8,1.69,0.21,1.69,0.39,2.0,1.87,0.25,1.87,0.62,2.1,2.03,0.31,2.03,0.37,1.6,1.42,0.21,1.42,0.69,0.9,0.81,0.2,0.81,0.29,1.9599999999999997,0.16000000000000003,2.25,4.840000000000001,3.61,1.9599999999999997,0.25,3.24,4.0,4.41,2.5600000000000005,0.81,1.6384,0.16000000000000003,1.9320999999999997,4.6225,3.4225000000000003,1.8496000000000004,0.2916,2.8560999999999996,3.4969000000000006,4.120899999999999,2.0164,0.6561000000000001,0.0576,0.016900000000000002,0.0961,0.004900000000000001,0.30250000000000005,0.0729,0.0,0.1521,0.3844,0.1369,0.4760999999999999,0.0841,0.010000000000000002,0.0064,0.24009999999999998,0.0,0.0004,0.0081,0.0036,0.04409999999999999,0.0625,0.0961,0.04409999999999999,0.04000000000000001
209.0,0.51,11.242,179.3,-8.13,-107.0,36.5,-10.695,-11.154,17.167,-11.057,6.573,-23.991,97.301,-69.507,119.649,1.4,1.28,0.1,1.28,0.24,0.4,0.4,0.08,0.4,0.13,1.5,1.39,0.49,1.39,0.31,2.2,2.15,0.0,2.15,0.07,1.9,1.85,0.02,1.85,0.55,1.4,1.36,0.09,1.36,0.27,0.5,0.54,0.06,0.54,0.0,1.8,1.69,0.21,1.69,0.39,2.0,1.87,0.25,1.87,0.62,2.1,2.03,0.31,2.03,0.37,1.6,1.42,0.21,1.42,0.69,0.9,0.81,0.2,0.81,0.29,1.9599999999999997,0.16000000000000003,2.25,4.840000000000001,3.61,1.9599999999999997,0.25,3.24,4.0,4.41,2.5600000000000005,0.81,1.6384,0.16000000000000003,1.9320999999999997,4.6225,3.4225000000000003,1.8496000000000004,0.2916,2.8560999999999996,3.4969000000000006,4.120899999999999,2.0164,0.6561000000000001,0.0576,0.016900000000000002,0.0961,0.004900000000000001,0.30250000000000005,0.0729,0.0,0.1521,0.3844,0.1369,0.4760999999999999,0.0841,0.010000000000000002,0.0064,0.24009999999999998,0.0,0.0004,0.0081,0.0036,0.04409999999999999,0.0625,0.0961,0.04409999999999999,0.04000000000000001
210.0,0.43,11.272,180.11,-8.17,-107.58,35.5,-12.984,-12.821,15.059,-7.704,4.882,-23.038,97.512,-68.925,119.488,1.4,1.28,0.1,1.28,0.24,0.4,0.4,0.08,0.4,0.13,1.5,1.39,0.49,1.39,0.31,2.2,2.15,0.0,2.15,0.07,1.9,1.85,0.02,1.85,0.55,1.4,1.36,0.09,1.36,0.27,0.5,0.54,0.06,0.54,0.0,1.8,1.69,0.21,1.69,0.39,2.0,1.87,0.25,1.87,0.62,2.1,2.03,0.31,2.03,0.37,1.6,1.42,0.21,1.42,0.69,0.9,0.81,0.2,0.81,0.29,1.9599999999999997,0.16000000000000003,2.25,4.840000000000001,3.61,1.9599999999999997,0.25,3.24,4.0,4.41,2.5600000000000005,0.81,1.6384,0.16000000000000003,1.9320999999999997,4.6225,3.4225000000000003,1.8496000000000004,0.2916,2.8560999999999996,3.4969000000000006,4.120899999999999,2.0164,0.6561000000000001,0.0576,0.016900000000000002,0.0961,0.004900000000000001,0.30250000000000005,0.0729,0.0,0.1521,0.3844,0.1369,0.4760999999999999,0.0841,0.010000000000000002,0.0064,0.24009999999999998,0.0,0.0004,0.0081,0.0036,0.04409999999999999,0.0625,0.0961,0.04409999999999999,0.04000000000000001
211.0,0.35,11.302,180.92,-8.21,-108.16,33.8,-15.274,-14.912,12.95,-6.988,3.19,-21.394,97.473,-68.625,119.291,1.4,1.28,0.1,1.28,0.24,0.4,0.4,0.08,0.4,0.13,1.5,1.39,0.49,1.39,0.31,2.2,2.15,0.0,2.15,0.07,1.9,1.85,0.02,1.85,0.55,1.4,1.36,0.09,1.36,0.27,0.5,0.54,0.06,0.54,0.0,1.8,1.69,0.21,1.69,0.39,2.0,1.87,0.25,1.87,0.62,2.1,2.03,0.31,2.03,0.37,1.6,1.42,0.21,1.42,0.69,0.9,0.81,0.2,0.81,0.29,1.9599999999999997,0.16000000000000003,2.25,4.840000000000001,3.61,1.9599999999999997,0.25,3.24,4.0,4.41,2.5600000000000005,0.81,1.6384,0.16000000000000003,1.9320999999999997,4.6225,3.4225000000000003,1.8496000000000004,0.2916,2.8560999999999996,3.4969000000000006,4.120899999999999,2.0164,0.6561000000000001,0.0576,0.016900000000000002,0.0961,0.004900000000000001,0.30250000000000005,0.0729,0.0,0.1521,0.3844,0.1369,0.4760999999999999,0.0841,0.010000000000000002,0.0064,0.24009999999999998,0.0,0.0004,0.0081,0.0036,0.04409999999999999,0.0625,0.0961,0.04409999999999999,0.04000000000000001
212.0,0.27,11.333,181.74,-8.26,-108.75,31.8,-17.564,-17.178,10.842,-7.358,1.499,-19.466,97.332,-68.44,119.079,1.4,1.28,0.1,1.28,0.24,0.4,0.4,0.08,0.4,0.13,1.5,1.39,0.49,1.39,0.31,2.2,2.15,0.0,2.15,0.07,1.9,1.85,0.02,1.85,0.55,1.4,1.36,0.09,1.36,0.27,0.5,0.54,0.06,0.54,0.0,1.8,1.69,0.21,1.69,0.39,2.0,1.87,0.25,1.87,0.62,2.1,2.03,0.31,2.03,0.37,1.6,1.42,0.21,1.42,0.69,0.9,0.81,0.2,0.81,0.29,1.9599999999999997,0.16000000000000003,2.25,4.840000000000001,3.61,1.9599999999999997,0.25,3.24,4.0,4.41,2.5600000000000005,0.81,1.6384,0.16000000000000003,1.9320999999999997,4.6225,3.4225000000000003,1.8496000000000004,0.2916,2.8560999999999996,3.4969000000000006,4.120899999999999,2.0164,0.6561000000000001,0.0576,0.016900000000000002,0.0961,0.004900000000000001,0.30250000000000005,0.0729,0.0,0.1521,0.3844,0.1369,0.4760999999999999,0.0841,0.010000000000000002,0.0064,0.24009999999999998,0.0,0.0004,0.0081,0.0036,0.04409999999999999,0.0625,0.0961,0.04409999999999999,0.04000000000000001
213.0,0.19,11.363,182.55,-8.3,-109.33,29.7,-19.854,-19.444,8.733,-7.728,-0.193,-17.537,97.19,-68.255,118.868,1.4,1.28,0.1,1.28,0.24,0.4,0.4,0.08,0.4,0.13,1.5,1.39,0.49,1.39,0.31,2.2,2.15,0.0,2.15,0.07,1.9,1.85,0.02,1.85,0.55,1.4,1.36,0.09,1.36,0.27,0.5,0.54,0.06,0.54,0.0,1.8,1.69,0.21,1.69,0.39,2.0,1.87,0.25,1.87,0.62,2.1,2.03,0.31,2.03,0.37,1.6,1.42,0.21,1.42,0.69,0.9,0.81,0.2,0.81,0.29,1.9599999999999997,0.16000000000000003,2.25,4.840000000000001,3.61,1.9599999999999997,0.25,3.24,4.0,4.41,2.5600000000000005,0.81,1.6384,0.16000000000000003,1.9320999999999997,4.6225,3.4225000000000003,1.8496000000000004,0.2916,2.8560999999999996,3.4969000000000006,4.120899999999999,2.0164,0.6561000000000001,0.0576,0.016900000000000002,0.0961,0.004900000000000001,0.30250000000000005,0.0729,0.0,0.1521,0.3844,0.1369,0.4760999999999999,0.0841,0.010000000000000002,0.0064,0.24009999999999998,0.0,0.0004,0.0081,0.0036,0.04409999999999999,0.0625,0.0961,0.04409999999999999,0.04000000000000001
214.0,0.11,11.393,183.37,-8.35,-109.92,27.7,-22.144,-21.71,6.624,-8.098,-1.885,-15.609,97.048,-68.07,118.658,1.3,1.19,0.04,1.19,0.24,0.5,0.45,0.03,0.45,0.13,1.8,1.72,0.22,1.72,0.03,2.1,2.06,0.11,2.06,0.01,1.8,1.76,0.1,1.76,0.52,1.2,1.12,0.26,1.12,0.32,0.4,0.4,0.14,0.4,0.01,1.6,1.57,0.05,1.57,0.31,1.9,1.85,0.16,1.85,0.43,2.0,1.99,0.28,1.99,0.26,1.5,1.27,0.28,1.27,0.7,0.9,0.78,0.14,0.78,0.46,1.6900000000000002,0.25,3.24,4.41,3.24,1.44,0.16000000000000003,2.5600000000000005,3.61,4.0,2.25,0.81,1.4161,0.2025,2.9583999999999997,4.2436,3.0976,1.2544000000000002,0.16000000000000003,2.4649,3.4225000000000003,3.9601,1.6129,0.6084,0.0576,0.016900000000000002,0.0009,0.0001,0.27040000000000003,0.1024,0.0001,0.0961,0.18489999999999998,0.06760000000000001,0.48999999999999994,0.2116,0.0016,0.0009,0.0484,0.0121,0.010000000000000002,0.06760000000000001,0.019600000000000003,0.0025000000000000005,0.0256,0.07840000000000001,0.07840000000000001,0.019600000000000003
215.0,0.02,11.423,184.18,-8.4,-110.5,25.7,-24.435,-23.976,4.515,-8.468,-3.577,-13.68,96.906,-67.885,118.448,1.3,1.19,0.04,1.19,0.24,0.5,0.45,0.03,0.45,0.13,1.8,1.72,0.22,1.72,0.03,2.1,2.06,0.11,2.06,0.01,1.8,1.76,0.1,1.76,0.52,1.2,1.12,0.26,1.12,0.32,0.4,0.4,0.14,0.4,0.01,1.6,1.57,0.05,1.57,0.31,1.9,1.85,0.16,1.85,0.43,2.0,1.99,0.28,1.99,0.26,1.5,1.27,0.28,1.27,0.7,0.9,0.78,0.14,0.78,0.46,1.6900000000000002,0.25,3.24,4.41,3.24,1.44,0.16000000000000003,2.5600000000000005,3.61,4.0,2.25,0.81,1.4161,0.2025,2.9583999999999997,4.2436,3.0976,1.2544000000000002,0.16000000000000003,2.4649,3.4225000000000003,3.9601,1.6129,0.6084,0.0576,0.016900000000000002,0.0009,0.0001,0.27040000000000003,0.1024,0.0001,0.0961,0.18489999999999998,0.06760000000000001,0.48999999999999994,0.2116,0.0016,0.0009,0.0484,0.0121,0.010000000000000002,0.06760000000000001,0.019600000000000003,0.0025000000000000005,0.0256,0.07840000000000001,0.07840000000000001,0.019600000000000003
216.0,0.06,11.454,185.0,-8.44,-111.08,23.7,-26.726,-26.243,2.406,-8.838,-5.27,-11.751,96.764,-67.7,118.239,1.3,1.19,0.04,1.19,0.24,0.5,0.45,0.03,0.45,0.13,1.8,1.72,0.22,1.72,0.03,2.1,2.06,0.11,2.06,0.01,1.8,1.76,0.1,1.76,0.52,1.2,1.12,0.26,1.12,0.32,0.4,0.4,0.14,0.4,0.01,1.6,1.57,0.05,1.57,0.31,1.9,1.85,0.16,1.85,0.43,2.0,1.99,0.28,1.99,0.26,1.5,1.27,0.28,1.27,0.7,0.9,0.78,0.14,0.78,0.46,1.6900000000000002,0.25,3.24,4.41,3.24,1.44,0.16000000000000003,2.5600000000000005,3.61,4.0,2.25,0.81,1.4161,0.2025,2.9583999999999997,4.2436,3.0976,1.2544000000000002,0.16000000000000003,2.4649,3.4225000000000003,3.9601,1.6129,0.6084,0.0576,0.016900000000000002,0.0009,0.0001,0.27040000000000003,0.1024,0.0001,0.0961,0.18489999999999998,0.06760000000000001,0.48999999999999994,0.2116,0.0016,0.0009,0.0484,0.0121,0.010000000000000002,0.06760000000000001,0.019600000000000003,0.0025000000000000005,0.0256,0.07840000000000001,0.07840000000000001,0.019600000000000003
217.0,0.13,11.483,185.8,-8.49,-111.66,21.0,-28.956,-28.301,0.352,-9.243,-6.918,-9.959,96.59,-67.528,118.01,1.3,1.19,0.04,1.19,0.24,0.5,0.45,0.03,0.45,0.13,1.8,1.72,0.22,1.72,0.03,2.1,2.06,0.11,2.06,0.01,1.8,1.76,0.1,1.76,0.52,1.2,1.12,0.26,1.12,0.32,0.4,0.4,0.14,0.4,0.01,1.6,1.57,0.05,1.57,0.31,1.9,1.85,0.16,1.85,0.43,2.0,1.99,0.28,1.99,0.26,1.5,1.27,0.28,1.27,0.7,0.9,0.78,0.14,0.78,0.46,1.6900000000000002,0.25,3.24,4.41,3.24,1.44,0.16000000000000003,2.5600000000000005,3.61,4.0,2.25,0.81,1.4161,0.2025,2.9583999999999997,4.2436,3.0976,1.2544000000000002,0.16000000000000003,2.4649,3.4225000000000003,3.9601,1.6129,0.6084,0.0576,0.016900000000000002,0.0009,0.0001,0.27040000000000003,0.1024,0.0001,0.0961,0.18489999999999998,0.06760000000000001,0.48999999999999994,0.2116,0.0016,0.0009,0.0484,0.0121,0.010000000000000002,0.06760000000000001,0.019600000000000003,0.0025000000000000005,0.0256,0.07840000000000001,0.07840000000000001,0.019600000000000003
218.0,0.04,11.505,186.51,-8.56,-112.13,11.6,-30.604,-28.359,-1.165,-9.993,-8.135,-9.492,96.115,-67.481,117.585,1.3,1.19,0.04,1.19,0.24,0.5,0.45,0.03,0.45,0.13,1.8,1.72,0.22,1.72,0.03,2.1,2.06,0.11,2.06,0.01,1.8,1.76,0.1,1.76,0.52,1.2,1.12,0.26,1.12,0.32,0.4,0.4,0.14,0.4,0.01,1.6,1.57,0.05,1.57,0.31,1.9,1.85,0.16,1.85,0.43,2.0,1.99,0.28,1.99,0.26,1.5,1.27,0.28,1.27,0.7,0.9,0.78,0.14,0.78,0.46,1.6900000000000002,0.25,3.24,4.41,3.24,1.44,0.16000000000000003,2.5600000000000005,3.61,4.0,2.25,0.81,1.4161,0.2025,2.9583999999999997,4.2436,3.0976,1.2544000000000002,0.16000000000000003,2.4649,3.4225000000000003,3.9601,1.6129,0.6084,0.0576,0.016900000000000002,0.0009,0.0001,0.27040000000000003,0.1024,0.0001,0.0961,0.18489999999999998,0.06760000000000001,0.48999999999999994,0.2116,0.0016,0.0009,0.0484,0.0121,0.010000000000000002,0.06760000000000001,0.019600000000000003,0.0025000000000000005,0.0256,0.07840000000000001,0.07840000000000001,0.019600000000000003
218.5,0.0,11.516,186.86,-8.6,-112.37,6.9,-31.428,-28.387,-1.924,-10.367,-8.744,-9.259,95.878,-67.458,117.373,1.3,1.19,0.04,1.19,0.24,0.5,0.45,0.03,0.45,0.13,1.8,1.72,0.22,1.72,0.03,2.1,2.06,0.11,2.06,0.01,1.8,1.76,0.1,1.76,0.52,1.2,1.12,0.26,1.12,0.32,0.4,0.4,0.14,0.4,0.01,1.6,1.57,0.05,1.57,0.31,1.9,1.85,0.16,1.85,0.43,2.0,1.99,0.28,1.99,0.26,1.5,1.27,0.28,1.27,0.7,0.9,0.78,0.14,0.78,0.46,1.6900000000000002,0.25,3.24,4.41,3.24,1.44,0.16000000000000003,2.5600000000000005,3.61,4.0,2.25,0.81,1.4161,0.2025,2.9583999999999997,4.2436,3.0976,1.2544000000000002,0.16000000000000003,2.4649,3.4225000000000003,3.9601,1.6129,0.6084,0.0576,0.016900000000000002,0.0009,0.0001,0.27040000000000003,0.1024,0.0001,0.0961,0.18489999999999998,0.06760000000000001,0.48999999999999994,0.2116,0.0016,0.0009,0.0484,0.0121,0.010000000000000002,0.06760000000000001,0.019600000000000003,0.0025000000000000005,0.0256,0.07840000000000001,0.07840000000000001,0.019600000000000003
